4
100
7.656396100e-03 4.332704781e-03
1.765639610e-02 2.565791903e-03
2.765639610e-02 1.044171193e-02
3.765639610e-02 2.757475489e-03
4.765639610e-02 8.873756965e-03
5.765639610e-02 7.244725167e-03
6.765639610e-02 8.433024047e-03
7.765639610e-02 1.003581148e-02
8.765639610e-02 2.228614470e-03
9.765639610e-02 2.315510017e-03
1.076563961e-01 3.061185923e-03
1.176563961e-01 6.511659216e-03
1.276563961e-01 7.374277635e-03
1.376563961e-01 1.521310563e-03
1.476563961e-01 5.361478614e-03
1.576563961e-01 6.491964237e-03
1.676563961e-01 2.096319196e-03
1.776563961e-01 6.982635476e-03
1.876563961e-01 2.339254090e-03
1.976563961e-01 3.725189683e-03
2.076563961e-01 1.347503935e-03
2.176563961e-01 1.082647346e-02
2.276563961e-01 1.667974491e-03
2.376563961e-01 8.725292824e-03
2.476563961e-01 9.140164805e-03
2.576563961e-01 1.066900379e-02
2.676563961e-01 5.237532941e-03
2.776563961e-01 7.700633993e-03
2.876563961e-01 8.899210835e-03
2.976563961e-01 4.389467751e-03
3.076563961e-01 5.360480830e-03
3.176563961e-01 1.944616518e-03
3.276563961e-01 5.666971993e-03
3.376563961e-01 4.512911993e-03
3.476563961e-01 3.411813569e-03
3.576563961e-01 3.249448241e-03
3.676563961e-01 1.046534953e-02
3.776563961e-01 1.055153839e-02
3.876563961e-01 1.990944188e-03
3.976563961e-01 1.398627421e-03
4.076563961e-01 1.570686007e-03
4.176563961e-01 3.754737076e-03
4.276563961e-01 6.611858107e-03
4.376563961e-01 7.645494734e-03
4.476563961e-01 3.975533427e-03
4.576563961e-01 1.067177225e-02
4.676563961e-01 2.834839233e-03
4.776563961e-01 4.768172597e-03
4.876563961e-01 6.349662333e-03
4.976563961e-01 3.868277459e-03
5.076563961e-01 7.186470797e-03
5.176563961e-01 6.389193984e-03
5.276563961e-01 3.385692597e-03
5.376563961e-01 7.544295687e-03
5.476563961e-01 3.803240615e-03
5.576563961e-01 1.121350929e-02
5.676563961e-01 6.899844052e-03
5.776563961e-01 7.726205420e-03
5.876563961e-01 7.598456968e-03
5.976563961e-01 4.482244898e-03
6.076563961e-01 1.079773398e-02
6.176563961e-01 1.639863814e-03
6.276563961e-01 5.106647034e-03
6.376563961e-01 5.143345528e-03
6.476563961e-01 4.830263606e-03
6.576563961e-01 7.194790909e-03
6.676563961e-01 7.067960791e-03
6.776563961e-01 3.969611050e-03
6.876563961e-01 6.419152246e-03
6.976563961e-01 7.730547061e-03
7.076563961e-01 4.038693726e-03
7.176563961e-01 6.659100693e-03
7.276563961e-01 1.015334773e-02
7.376563961e-01 9.317410501e-03
7.476563961e-01 2.970243038e-03
7.576563961e-01 2.793311554e-03
7.676563961e-01 8.652389732e-03
7.776563961e-01 4.467059584e-03
7.876563961e-01 6.222225501e-03
7.976563961e-01 3.661551097e-03
8.076563961e-01 6.993587387e-03
8.176563961e-01 2.065691514e-03
8.276563961e-01 8.706478704e-03
8.376563961e-01 9.033745488e-03
8.476563961e-01 8.263178025e-03
8.576563961e-01 1.116162885e-02
8.676563961e-01 8.897876347e-03
8.776563961e-01 3.812348986e-03
8.876563961e-01 7.535859768e-03
8.976563961e-01 5.143050610e-03
9.076563961e-01 6.939996139e-03
9.176563961e-01 6.977674055e-03
9.276563961e-01 5.425665856e-03
9.376563961e-01 1.068805874e-02
9.476563961e-01 1.076109226e-02
9.576563961e-01 8.894652148e-03
9.676563961e-01 6.520215218e-03
9.776563961e-01 6.465054325e-03
9.876563961e-01 1.498892964e-03
9.976563961e-01 1.572618434e-03
