4
1024
7.476949317e-04 1.587139020e-03
1.724257432e-03 1.414588418e-03
2.700819932e-03 2.183720306e-03
3.677382432e-03 1.433305250e-03
4.653944932e-03 2.030596603e-03
5.630507432e-03 1.871509285e-03
6.607069932e-03 1.987551492e-03
7.583632432e-03 2.144070668e-03
8.560194932e-03 1.381645620e-03
9.536757432e-03 1.390127612e-03
1.051331993e-02 1.462943185e-03
1.148988243e-02 1.799898686e-03
1.246644493e-02 1.884133538e-03
1.344300743e-02 1.312549045e-03
1.441956993e-02 1.687559326e-03
1.539613243e-02 1.797951726e-03
1.637269493e-02 1.368682468e-03
1.734925743e-02 1.845854281e-03
1.832581993e-02 1.392391088e-03
1.930238243e-02 1.527727911e-03
2.027894493e-02 1.295523112e-03
2.125550743e-02 2.221194325e-03
2.223206993e-02 1.326799774e-03
2.320863243e-02 2.015980644e-03
2.418519493e-02 2.056484622e-03
2.516175743e-02 2.205773946e-03
2.613831993e-02 1.675345015e-03
2.711488243e-02 1.915869869e-03
2.809144493e-02 2.032905525e-03
2.906800743e-02 1.592487554e-03
3.004456993e-02 1.687299163e-03
3.102113243e-02 1.353704258e-03
3.199769493e-02 1.717200608e-03
3.297425743e-02 1.604483984e-03
3.395081993e-02 1.496938859e-03
3.492738243e-02 1.481066353e-03
3.590394493e-02 2.185727159e-03
3.688050743e-02 2.194126443e-03
3.785706993e-02 1.358112773e-03
3.883363243e-02 1.300250645e-03
3.981019493e-02 1.317033993e-03
4.078675743e-02 1.530300423e-03
4.176331993e-02 1.809295779e-03
4.273988243e-02 1.910215918e-03
4.371644493e-02 1.551799750e-03
4.469300743e-02 2.205707238e-03
4.566956993e-02 1.440359082e-03
4.664613243e-02 1.629137919e-03
4.762269493e-02 1.783556437e-03
4.859925743e-02 1.541209263e-03
4.957581993e-02 1.865226551e-03
5.055238243e-02 1.787341855e-03
5.152894493e-02 1.494004933e-03
5.250550743e-02 1.900091666e-03
5.348206993e-02 1.534726790e-03
5.445863243e-02 2.258357754e-03
5.543519493e-02 1.837072672e-03
5.641175743e-02 1.917742684e-03
5.738831993e-02 1.905237275e-03
5.836488243e-02 1.600889077e-03
5.934144493e-02 2.217604802e-03
6.031800743e-02 1.323249639e-03
6.129456993e-02 1.661770132e-03
6.227113243e-02 1.665320755e-03
6.324769493e-02 1.634712473e-03
6.422425743e-02 1.865588800e-03
6.520081993e-02 1.853167832e-03
6.617738243e-02 1.550558725e-03
6.715394493e-02 1.789735161e-03
6.813050743e-02 1.917763803e-03
6.910706993e-02 1.557193303e-03
7.008363243e-02 1.813053776e-03
7.106019493e-02 2.154249494e-03
7.203675743e-02 2.072574949e-03
7.301331993e-02 1.452693615e-03
7.398988243e-02 1.435373674e-03
7.496644493e-02 2.007507080e-03
7.594300743e-02 1.598740511e-03
7.691956993e-02 1.770099780e-03
7.789613243e-02 1.519989531e-03
7.887269493e-02 1.845338571e-03
7.984925743e-02 1.364052865e-03
8.082581993e-02 2.012520613e-03
8.180238243e-02 2.044432877e-03
8.277894493e-02 1.969134005e-03
8.375550743e-02 2.252136933e-03
8.473206993e-02 2.031017671e-03
8.570863243e-02 1.534333681e-03
8.668519493e-02 1.897906540e-03
8.766175743e-02 1.664181742e-03
8.863831993e-02 1.839611882e-03
8.961488243e-02 1.843237747e-03
9.059144493e-02 1.691620023e-03
9.156800743e-02 2.205470346e-03
9.254456993e-02 2.212546479e-03
9.352113243e-02 2.030220071e-03
9.449769493e-02 1.798283773e-03
9.547425743e-02 1.792838445e-03
9.645081993e-02 1.307802391e-03
9.742738243e-02 1.314941944e-03
9.840394493e-02 1.437424627e-03
9.938050743e-02 1.568279896e-03
1.003570699e-01 1.831179199e-03
1.013336324e-01 1.318194330e-03
1.023101949e-01 1.367274238e-03
1.032867574e-01 1.986753848e-03
1.042633199e-01 1.456348129e-03
1.052398824e-01 2.077460489e-03
1.062164449e-01 1.311510028e-03
1.071930074e-01 1.928925032e-03
1.081695699e-01 1.323263551e-03
1.091461324e-01 1.859123491e-03
1.101226949e-01 1.995151602e-03
1.110992574e-01 2.037856637e-03
1.120758199e-01 1.628965063e-03
1.130523824e-01 1.689592976e-03
1.140289449e-01 2.015199567e-03
1.150055074e-01 1.385087313e-03
1.159820699e-01 1.925492272e-03
1.169586324e-01 1.638007710e-03
1.179351949e-01 1.750631599e-03
1.189117574e-01 1.489802593e-03
1.198883199e-01 2.182404745e-03
1.208648824e-01 2.143309212e-03
1.218414449e-01 1.419666283e-03
1.228180074e-01 2.119242776e-03
1.237945699e-01 1.897718996e-03
1.247711324e-01 1.918600384e-03
1.257476949e-01 1.636067115e-03
1.267242574e-01 1.905967801e-03
1.277008199e-01 1.933886715e-03
1.286773824e-01 1.773734055e-03
1.296539449e-01 2.174387890e-03
1.306305074e-01 1.488541439e-03
1.316070699e-01 1.791864195e-03
1.325836324e-01 2.241495676e-03
1.335601949e-01 2.175026524e-03
1.345367574e-01 1.947841204e-03
1.355133199e-01 2.041920141e-03
1.364898824e-01 2.185960578e-03
1.374664449e-01 1.599525262e-03
1.384430074e-01 2.064402672e-03
1.394195699e-01 1.767637955e-03
1.403961324e-01 1.317128108e-03
1.413726949e-01 1.824607866e-03
1.423492574e-01 2.095411338e-03
1.433258199e-01 1.705426621e-03
1.443023824e-01 1.561847638e-03
1.452789449e-01 2.178998478e-03
1.462555074e-01 1.352753293e-03
1.472320699e-01 1.898149274e-03
1.482086324e-01 1.651258481e-03
1.491851949e-01 1.540643720e-03
1.501617574e-01 1.801976236e-03
1.511383199e-01 1.515886743e-03
1.521148824e-01 1.658088341e-03
1.530914449e-01 1.642331587e-03
1.540680074e-01 2.111177507e-03
1.550445699e-01 2.274157135e-03
1.560211324e-01 1.975763708e-03
1.569976949e-01 1.737844360e-03
1.579742574e-01 1.928639401e-03
1.589508199e-01 1.469989765e-03
1.599273824e-01 1.632620654e-03
1.609039449e-01 2.114028100e-03
1.618805074e-01 1.958597525e-03
1.628570699e-01 1.594193653e-03
1.638336324e-01 2.009028157e-03
1.648101949e-01 1.626308423e-03
1.657867574e-01 1.355879601e-03
1.667633199e-01 1.914650606e-03
1.677398824e-01 1.921954073e-03
1.687164449e-01 2.116298628e-03
1.696930074e-01 1.401638336e-03
1.706695699e-01 1.934890327e-03
1.716461324e-01 1.660047961e-03
1.726226949e-01 2.192649416e-03
1.735992574e-01 1.359249914e-03
1.745758199e-01 1.917286743e-03
1.755523824e-01 2.090372164e-03
1.765289449e-01 1.407185556e-03
1.775055074e-01 1.533951395e-03
1.784820699e-01 1.460041504e-03
1.794586324e-01 1.642698069e-03
1.804351949e-01 2.030691808e-03
1.814117574e-01 1.670587759e-03
1.823883199e-01 1.995341207e-03
1.833648824e-01 1.390910929e-03
1.843414449e-01 1.499547987e-03
1.853180074e-01 1.987176202e-03
1.862945699e-01 2.060810087e-03
1.872711324e-01 1.931422837e-03
1.882476949e-01 1.633178585e-03
1.892242574e-01 2.224620275e-03
1.902008199e-01 2.257758809e-03
1.911773824e-01 1.464254345e-03
1.921539449e-01 1.900160255e-03
1.931305074e-01 1.568789661e-03
1.941070699e-01 2.166576898e-03
1.950836324e-01 2.219657720e-03
1.960601949e-01 1.617752900e-03
1.970367574e-01 1.797643190e-03
1.980133199e-01 1.857921976e-03
1.989898824e-01 1.450256161e-03
1.999664449e-01 1.891943057e-03
2.009430074e-01 1.508805683e-03
2.019195699e-01 1.802754302e-03
2.028961324e-01 1.800374401e-03
2.038726949e-01 1.560294227e-03
2.048492574e-01 1.435611324e-03
2.058258199e-01 1.606210945e-03
2.068023824e-01 1.659400714e-03
2.077789449e-01 1.661377652e-03
2.087555074e-01 1.757961333e-03
2.097320699e-01 1.993701567e-03
2.107086324e-01 1.407003595e-03
2.116851949e-01 2.119939528e-03
2.126617574e-01 1.703764461e-03
2.136383199e-01 1.489092412e-03
2.146148824e-01 1.333996554e-03
2.155914449e-01 1.405343304e-03
2.165680074e-01 2.240761189e-03
2.175445699e-01 1.956171582e-03
2.185211324e-01 1.729167530e-03
2.194976949e-01 2.179358005e-03
2.204742574e-01 1.927800281e-03
2.214508199e-01 1.883747564e-03
2.224273824e-01 1.793174698e-03
2.234039449e-01 2.186702078e-03
2.243805074e-01 1.763767245e-03
2.253570699e-01 1.726168298e-03
2.263336324e-01 1.517683906e-03
2.273101949e-01 2.251094859e-03
2.282867574e-01 2.273667644e-03
2.292633199e-01 1.657410331e-03
2.302398824e-01 1.855838524e-03
2.312164449e-01 1.495166729e-03
2.321930074e-01 2.149313279e-03
2.331695699e-01 1.368691762e-03
2.341461324e-01 1.744394934e-03
2.351226949e-01 2.273751172e-03
2.360992574e-01 1.663621815e-03
2.370758199e-01 2.092407244e-03
2.380523824e-01 1.647070357e-03
2.390289449e-01 2.109979568e-03
2.400055074e-01 1.797835067e-03
2.409820699e-01 1.742254992e-03
2.419586324e-01 1.941429868e-03
2.429351949e-01 2.189564983e-03
2.439117574e-01 1.919204990e-03
2.448883199e-01 1.963176087e-03
2.458648824e-01 2.282549980e-03
2.468414449e-01 1.870937350e-03
2.478180074e-01 1.630210766e-03
2.487945699e-01 1.722472481e-03
2.497711324e-01 1.760942148e-03
2.507476949e-01 2.245112112e-03
2.517242574e-01 2.293212830e-03
2.527008199e-01 2.241001300e-03
2.536773824e-01 2.142027761e-03
2.546539449e-01 1.767085211e-03
2.556305074e-01 1.677166247e-03
2.566070699e-01 1.369599778e-03
2.575836324e-01 1.727959592e-03
2.585601949e-01 1.660504772e-03
2.595367574e-01 1.713134797e-03
2.605133199e-01 2.269814058e-03
2.614898824e-01 1.841578647e-03
2.624664449e-01 1.571683873e-03
2.634430074e-01 1.347632717e-03
2.644195699e-01 2.271554025e-03
2.653961324e-01 1.554343984e-03
2.663726949e-01 1.696616914e-03
2.673492574e-01 2.072652043e-03
2.683258199e-01 1.886558455e-03
2.693023824e-01 1.515068882e-03
2.702789449e-01 1.578850245e-03
2.712555074e-01 1.337067264e-03
2.722320699e-01 2.141205698e-03
2.732086324e-01 1.476450254e-03
2.741851949e-01 1.940760307e-03
2.751617574e-01 1.812197811e-03
2.761383199e-01 1.466706681e-03
2.771148824e-01 1.519294471e-03
2.780914449e-01 2.126458209e-03
2.790680074e-01 1.873119057e-03
2.800445699e-01 1.964066726e-03
2.810211324e-01 2.078728085e-03
2.819976949e-01 1.873379757e-03
2.829742574e-01 1.912005949e-03
2.839508199e-01 1.927583769e-03
2.849273824e-01 1.347182839e-03
2.859039449e-01 2.272342463e-03
2.868805074e-01 1.980243657e-03
2.878570699e-01 1.758092329e-03
2.888336324e-01 1.639124369e-03
2.898101949e-01 1.399545272e-03
2.907867574e-01 1.733962836e-03
2.917633199e-01 2.163211543e-03
2.927398824e-01 1.653627196e-03
2.937164449e-01 1.763883074e-03
2.946930074e-01 2.140380008e-03
2.956695699e-01 1.890037486e-03
2.966461324e-01 2.142455606e-03
2.976226949e-01 1.918314427e-03
2.985992574e-01 1.481767522e-03
2.995758199e-01 1.362585222e-03
3.005523824e-01 2.178677005e-03
3.015289449e-01 1.500236165e-03
3.025055074e-01 2.185081291e-03
3.034820699e-01 1.359744069e-03
3.044586324e-01 2.122064666e-03
3.054351949e-01 1.701673628e-03
3.064117574e-01 1.507296554e-03
3.073883199e-01 1.345531166e-03
3.083648824e-01 1.532192536e-03
3.093414449e-01 2.060927427e-03
3.103180074e-01 1.989998272e-03
3.112945699e-01 2.291209511e-03
3.122711324e-01 1.637922030e-03
3.132476949e-01 1.605507468e-03
3.142242574e-01 1.922184876e-03
3.152008199e-01 1.664947260e-03
3.161773824e-01 1.581018061e-03
3.171539449e-01 1.605484849e-03
3.181305074e-01 2.102546539e-03
3.191070699e-01 1.899537459e-03
3.200836324e-01 1.684313174e-03
3.210601949e-01 1.539117897e-03
3.220367574e-01 1.765245440e-03
3.230133199e-01 2.016887170e-03
3.239898824e-01 1.981835579e-03
3.249664449e-01 1.607785308e-03
3.259430074e-01 1.608972216e-03
3.269195699e-01 1.826226390e-03
3.278961324e-01 2.204485030e-03
3.288726949e-01 1.769012568e-03
3.298492574e-01 1.866971923e-03
3.308258199e-01 2.084647274e-03
3.318023824e-01 1.947183844e-03
3.327789449e-01 1.753313142e-03
3.337555074e-01 2.122101034e-03
3.347320699e-01 1.770282910e-03
3.357086324e-01 2.132470824e-03
3.366851949e-01 1.330206240e-03
3.376617574e-01 1.793072272e-03
3.386383199e-01 1.365246045e-03
3.396148824e-01 2.068165788e-03
3.405914449e-01 1.483427043e-03
3.415680074e-01 1.356698880e-03
3.425445699e-01 1.406217912e-03
3.435211324e-01 1.765513820e-03
3.444976949e-01 1.955349724e-03
3.454742574e-01 1.747517745e-03
3.464508199e-01 2.022771004e-03
3.474273824e-01 2.236960191e-03
3.484039449e-01 1.549513839e-03
3.493805074e-01 1.621644402e-03
3.503570699e-01 1.620495632e-03
3.513336324e-01 1.764302777e-03
3.523101949e-01 2.062447100e-03
3.532867574e-01 1.336263723e-03
3.542633199e-01 1.444905384e-03
3.552398824e-01 1.368885488e-03
3.562164449e-01 1.620337515e-03
3.571930074e-01 1.946119290e-03
3.581695699e-01 2.248243920e-03
3.591461324e-01 2.064109315e-03
3.601226949e-01 1.511173718e-03
3.610992574e-01 2.030859416e-03
3.620758199e-01 1.709147044e-03
3.630523824e-01 1.938788851e-03
3.640289449e-01 1.850585491e-03
3.650055074e-01 2.153502990e-03
3.659820699e-01 1.768655650e-03
3.669586324e-01 1.854635590e-03
3.679351949e-01 1.643741946e-03
3.689117574e-01 1.807516151e-03
3.698883199e-01 1.619738548e-03
3.708648824e-01 1.800553819e-03
3.718414449e-01 1.837484963e-03
3.728180074e-01 1.699111438e-03
3.737945699e-01 2.239107608e-03
3.747711324e-01 1.489197089e-03
3.757476949e-01 2.119438963e-03
3.767242574e-01 1.958010713e-03
3.777008199e-01 1.422174146e-03
3.786773824e-01 1.364854377e-03
3.796539449e-01 2.252003842e-03
3.806305074e-01 1.714903101e-03
3.816070699e-01 1.801275015e-03
3.825836324e-01 2.009890787e-03
3.835601949e-01 1.723053596e-03
3.845367574e-01 1.917951539e-03
3.855133199e-01 2.050431728e-03
3.864898824e-01 2.014930820e-03
3.874664449e-01 1.558932237e-03
3.884430074e-01 1.993421198e-03
3.894195699e-01 1.773669770e-03
3.903961324e-01 1.741182119e-03
3.913726949e-01 1.718678250e-03
3.923492574e-01 2.153660864e-03
3.933258199e-01 1.374136378e-03
3.943023824e-01 2.239875451e-03
3.952789449e-01 2.001096806e-03
3.962555074e-01 1.813171167e-03
3.972320699e-01 1.788211308e-03
3.982086324e-01 1.338422593e-03
3.991851949e-01 2.290717173e-03
4.001617574e-01 2.077863170e-03
4.011383199e-01 1.808773126e-03
4.021148824e-01 1.821319693e-03
4.030914449e-01 1.469975450e-03
4.040680074e-01 1.740764804e-03
4.050445699e-01 1.979846524e-03
4.060211324e-01 2.258627267e-03
4.069976949e-01 1.391308927e-03
4.079742574e-01 2.070999578e-03
4.089508199e-01 2.292343493e-03
4.099273824e-01 1.335495000e-03
4.109039449e-01 1.477967735e-03
4.118805074e-01 1.785566331e-03
4.128570699e-01 2.013778820e-03
4.138336324e-01 1.869297016e-03
4.148101949e-01 1.395113649e-03
4.157867574e-01 1.755688861e-03
4.167633199e-01 1.575588627e-03
4.177398824e-01 1.621851598e-03
4.187164449e-01 1.440235633e-03
4.196930074e-01 2.016828774e-03
4.206695699e-01 2.030486340e-03
4.216461324e-01 1.826248693e-03
4.226226949e-01 1.861144078e-03
4.235992574e-01 2.071721729e-03
4.245758199e-01 1.756542667e-03
4.255523824e-01 1.552541362e-03
4.265289449e-01 1.575075271e-03
4.275055074e-01 2.211380689e-03
4.284820699e-01 1.557472447e-03
4.294586324e-01 1.555620157e-03
4.304351949e-01 1.978953233e-03
4.314117574e-01 2.032399052e-03
4.323883199e-01 2.042974873e-03
4.333648824e-01 2.114845193e-03
4.343414449e-01 1.462399294e-03
4.353180074e-01 1.711938203e-03
4.362945699e-01 2.062470578e-03
4.372711324e-01 1.519150091e-03
4.382476949e-01 1.471698343e-03
4.392242574e-01 2.043455766e-03
4.402008199e-01 1.519730361e-03
4.411773824e-01 1.614632365e-03
4.421539449e-01 1.517306841e-03
4.431305074e-01 2.198237323e-03
4.441070699e-01 2.148538361e-03
4.450836324e-01 1.576910250e-03
4.460601949e-01 1.641734165e-03
4.470367574e-01 1.411815630e-03
4.480133199e-01 1.862893592e-03
4.489898824e-01 1.745982084e-03
4.499664449e-01 2.092537175e-03
4.509430074e-01 1.580590627e-03
4.519195699e-01 2.235884337e-03
4.528961324e-01 1.640652617e-03
4.538726949e-01 2.315726467e-03
4.548492574e-01 1.679158801e-03
4.558258199e-01 1.856368403e-03
4.568023824e-01 1.577293727e-03
4.577789449e-01 1.576911487e-03
4.587555074e-01 2.076655295e-03
4.597320699e-01 1.795608217e-03
4.607086324e-01 2.218438882e-03
4.616851949e-01 1.794945776e-03
4.626617574e-01 1.524354229e-03
4.636383199e-01 2.018934862e-03
4.646148824e-01 1.919437947e-03
4.655914449e-01 1.898264837e-03
4.665680074e-01 1.766694813e-03
4.675445699e-01 2.100319319e-03
4.685211324e-01 2.031573811e-03
4.694976949e-01 1.495077998e-03
4.704742574e-01 2.281418827e-03
4.714508199e-01 2.307454491e-03
4.724273824e-01 1.673512262e-03
4.734039449e-01 2.164100120e-03
4.743805074e-01 2.140315809e-03
4.753570699e-01 1.911186895e-03
4.763336324e-01 1.489915034e-03
4.773101949e-01 2.212653495e-03
4.782867574e-01 1.457918788e-03
4.792633199e-01 1.896176603e-03
4.802398824e-01 1.988786279e-03
4.812164449e-01 1.698546087e-03
4.821930074e-01 1.815413615e-03
4.831695699e-01 2.289232513e-03
4.841461324e-01 1.697382052e-03
4.851226949e-01 2.154122735e-03
4.860992574e-01 1.828466993e-03
4.870758199e-01 1.933982556e-03
4.880523824e-01 1.413656636e-03
4.890289449e-01 1.587622779e-03
4.900055074e-01 1.411969280e-03
4.909820699e-01 2.290914479e-03
4.919586324e-01 2.041265411e-03
4.929351949e-01 1.594898196e-03
4.939117574e-01 1.991739300e-03
4.948883199e-01 1.642471026e-03
4.958648824e-01 2.151370851e-03
4.968414449e-01 1.439957017e-03
4.978180074e-01 1.424190775e-03
4.987945699e-01 1.864222557e-03
4.997711324e-01 1.592752814e-03
5.007476949e-01 1.386642243e-03
5.017242574e-01 1.852586969e-03
5.027008199e-01 1.923614716e-03
5.036773824e-01 2.207969160e-03
5.046539449e-01 1.673444170e-03
5.056305074e-01 1.515220037e-03
5.066070699e-01 1.378179591e-03
5.075836324e-01 1.566269972e-03
5.085601949e-01 1.629750482e-03
5.095367574e-01 1.930844638e-03
5.105133199e-01 2.211421418e-03
5.114898824e-01 1.984538400e-03
5.124664449e-01 1.425814184e-03
5.134430074e-01 2.180086401e-03
5.144195699e-01 1.361229398e-03
5.153961324e-01 2.235684780e-03
5.163726949e-01 1.687615108e-03
5.173492574e-01 1.950712458e-03
5.183258199e-01 2.304718149e-03
5.193023824e-01 1.930490786e-03
5.202789449e-01 2.017810740e-03
5.212555074e-01 2.274075170e-03
5.222320699e-01 1.650074718e-03
5.232086324e-01 2.267465874e-03
5.241851949e-01 1.943884760e-03
5.251617574e-01 1.947054326e-03
5.261383199e-01 2.096658536e-03
5.271148824e-01 2.038101755e-03
5.280914449e-01 2.025380682e-03
5.290680074e-01 1.638329714e-03
5.300445699e-01 2.284741168e-03
5.310211324e-01 2.065784939e-03
5.319976949e-01 2.144554049e-03
5.329742574e-01 1.885306039e-03
5.339508199e-01 1.950579481e-03
5.349273824e-01 1.494698764e-03
5.359039449e-01 2.053664223e-03
5.368805074e-01 1.981772256e-03
5.378570699e-01 1.713856895e-03
5.388336324e-01 1.359615274e-03
5.398101949e-01 1.588692312e-03
5.407867574e-01 1.601228516e-03
5.417633199e-01 1.996541098e-03
5.427398824e-01 1.666768579e-03
5.437164449e-01 1.456889095e-03
5.446930074e-01 2.009781706e-03
5.456695699e-01 1.577776537e-03
5.466461324e-01 1.796264287e-03
5.476226949e-01 1.635566088e-03
5.485992574e-01 1.557440888e-03
5.495758199e-01 1.401575488e-03
5.505523824e-01 2.304633895e-03
5.515289449e-01 1.506084711e-03
5.525055074e-01 1.702655383e-03
5.534820699e-01 2.246416405e-03
5.544586324e-01 2.100722503e-03
5.554351949e-01 2.300336572e-03
5.564117574e-01 2.017013071e-03
5.573883199e-01 1.812636092e-03
5.583648824e-01 1.999402728e-03
5.593414449e-01 2.305464335e-03
5.603180074e-01 1.770809821e-03
5.612945699e-01 1.738493677e-03
5.622711324e-01 2.123197777e-03
5.632476949e-01 2.305731074e-03
5.642242574e-01 1.361999125e-03
5.652008199e-01 2.267258199e-03
5.661773824e-01 2.032067581e-03
5.671539449e-01 1.992879228e-03
5.681305074e-01 1.653533438e-03
5.691070699e-01 2.040536633e-03
5.700836324e-01 2.230298186e-03
5.710601949e-01 1.903361405e-03
5.720367574e-01 1.708987421e-03
5.730133199e-01 1.568849130e-03
5.739898824e-01 2.008467975e-03
5.749664449e-01 1.390296648e-03
5.759430074e-01 1.794588169e-03
5.769195699e-01 1.476004679e-03
5.778961324e-01 1.673570005e-03
5.788726949e-01 1.999608612e-03
5.798492574e-01 1.525031943e-03
5.808258199e-01 1.648965332e-03
5.818023824e-01 2.152889347e-03
5.827789449e-01 1.874755376e-03
5.837555074e-01 1.565759247e-03
5.847320699e-01 1.923861256e-03
5.857086324e-01 1.845213185e-03
5.866851949e-01 2.229327822e-03
5.876617574e-01 1.406362051e-03
5.886383199e-01 1.514352252e-03
5.896148824e-01 2.204400065e-03
5.905914449e-01 1.823213786e-03
5.915680074e-01 1.898759280e-03
5.925445699e-01 1.996820066e-03
5.935211324e-01 1.798038390e-03
5.944976949e-01 1.906285679e-03
5.954742574e-01 1.932914215e-03
5.964508199e-01 1.498813031e-03
5.974273824e-01 1.567743012e-03
5.984039449e-01 2.231459238e-03
5.993805074e-01 2.184232162e-03
6.003570699e-01 1.466232044e-03
6.013336324e-01 1.802882270e-03
6.023101949e-01 1.561151926e-03
6.032867574e-01 1.679446667e-03
6.042633199e-01 1.479023821e-03
6.052398824e-01 1.595555168e-03
6.062164449e-01 2.118011882e-03
6.071930074e-01 1.598875931e-03
6.081695699e-01 1.912842923e-03
6.091461324e-01 1.784645997e-03
6.101226949e-01 1.767366064e-03
6.110992574e-01 2.205136565e-03
6.120758199e-01 1.604171207e-03
6.130523824e-01 2.285189791e-03
6.140289449e-01 1.437271585e-03
6.150055074e-01 2.170840590e-03
6.159820699e-01 1.796518391e-03
6.169586324e-01 2.309147042e-03
6.179351949e-01 2.219619931e-03
6.189117574e-01 1.953157521e-03
6.198883199e-01 2.179141006e-03
6.208648824e-01 1.708297070e-03
6.218414449e-01 1.517249542e-03
6.228180074e-01 1.841163133e-03
6.237945699e-01 2.147969276e-03
6.247711324e-01 2.065038223e-03
6.257476949e-01 1.438886971e-03
6.267242574e-01 2.288023483e-03
6.277008199e-01 2.273891397e-03
6.286773824e-01 2.311325288e-03
6.296539449e-01 2.136541076e-03
6.306305074e-01 1.404277655e-03
6.316070699e-01 1.778230489e-03
6.325836324e-01 2.338147083e-03
6.335601949e-01 1.724046986e-03
6.345367574e-01 1.897445488e-03
6.355133199e-01 1.597199375e-03
6.364898824e-01 1.505424373e-03
6.374664449e-01 2.136117736e-03
6.384430074e-01 2.149706860e-03
6.394195699e-01 1.929603109e-03
6.403961324e-01 1.566322148e-03
6.413726949e-01 2.017549816e-03
6.423492574e-01 2.172911180e-03
6.433258199e-01 1.513954209e-03
6.443023824e-01 2.093694008e-03
6.452789449e-01 2.005929647e-03
6.462555074e-01 1.949080681e-03
6.472320699e-01 2.064754265e-03
6.482086324e-01 1.887330360e-03
6.491851949e-01 1.563886481e-03
6.501617574e-01 1.905410981e-03
6.511383199e-01 2.233573003e-03
6.521148824e-01 1.718948888e-03
6.530914449e-01 1.407691705e-03
6.540680074e-01 2.042527027e-03
6.550445699e-01 1.444838948e-03
6.560211324e-01 1.483860033e-03
6.569976949e-01 1.991136319e-03
6.579742574e-01 1.379183037e-03
6.589508199e-01 1.455504829e-03
6.599273824e-01 1.787863648e-03
6.609039449e-01 1.420076125e-03
6.618805074e-01 1.870217359e-03
6.628570699e-01 1.785796812e-03
6.638336324e-01 1.780338164e-03
6.648101949e-01 1.427181803e-03
6.657867574e-01 2.018943978e-03
6.667633199e-01 1.921576592e-03
6.677398824e-01 2.198979790e-03
6.687164449e-01 1.827634716e-03
6.696930074e-01 1.510029637e-03
6.706695699e-01 1.424017864e-03
6.716461324e-01 1.503766376e-03
6.726226949e-01 2.317951012e-03
6.735992574e-01 1.572848050e-03
6.745758199e-01 2.232202074e-03
6.755523824e-01 1.981925492e-03
6.765289449e-01 2.156401637e-03
6.775055074e-01 1.954732249e-03
6.784820699e-01 1.526897196e-03
6.794586324e-01 1.377794828e-03
6.804351949e-01 1.517515236e-03
6.814117574e-01 1.417707431e-03
6.823883199e-01 1.730408605e-03
6.833648824e-01 1.558736917e-03
6.843414449e-01 2.093629450e-03
6.853180074e-01 1.808507493e-03
6.862945699e-01 1.675721769e-03
6.872711324e-01 1.741192895e-03
6.882476949e-01 1.820544894e-03
6.892242574e-01 1.763945628e-03
6.902008199e-01 2.161640172e-03
6.911773824e-01 1.873069176e-03
6.921539449e-01 2.266475603e-03
6.931305074e-01 1.603051486e-03
6.941070699e-01 2.285448660e-03
6.950836324e-01 2.325562972e-03
6.960601949e-01 2.253765208e-03
6.970367574e-01 1.862096602e-03
6.980133199e-01 2.179478149e-03
6.989898824e-01 1.736199276e-03
6.999664449e-01 2.003351987e-03
7.009430074e-01 2.234585586e-03
7.019195699e-01 1.870918980e-03
7.028961324e-01 1.975557510e-03
7.038726949e-01 1.461551760e-03
7.048492574e-01 1.757102720e-03
7.058258199e-01 1.611328140e-03
7.068023824e-01 2.248224436e-03
7.077789449e-01 2.341969339e-03
7.087555074e-01 1.768222966e-03
7.097320699e-01 2.255880082e-03
7.107086324e-01 1.512646010e-03
7.116851949e-01 1.815517378e-03
7.126617574e-01 1.639176143e-03
7.136383199e-01 1.700695788e-03
7.146148824e-01 1.561760022e-03
7.155914449e-01 2.076722092e-03
7.165680074e-01 2.005318703e-03
7.175445699e-01 1.931716683e-03
7.185211324e-01 1.549330801e-03
7.194976949e-01 1.421190622e-03
7.204742574e-01 1.745145551e-03
7.214508199e-01 2.050613506e-03
7.224273824e-01 2.315742017e-03
7.234039449e-01 1.976135020e-03
7.243805074e-01 1.987299768e-03
7.253570699e-01 2.292404638e-03
7.263336324e-01 1.880861853e-03
7.273101949e-01 1.500219898e-03
7.282867574e-01 2.122568148e-03
7.292633199e-01 2.244170751e-03
7.302398824e-01 2.130543195e-03
7.312164449e-01 2.007424159e-03
7.321930074e-01 1.765221701e-03
7.331695699e-01 1.756094149e-03
7.341461324e-01 2.095393263e-03
7.351226949e-01 2.148603093e-03
7.360992574e-01 1.993562217e-03
7.370758199e-01 1.993056311e-03
7.380523824e-01 2.139872155e-03
7.390289449e-01 1.410945946e-03
7.400055074e-01 1.897958122e-03
7.409820699e-01 2.277963290e-03
7.419586324e-01 1.851769271e-03
7.429351949e-01 2.162300961e-03
7.439117574e-01 1.627123950e-03
7.448883199e-01 2.038417271e-03
7.458648824e-01 1.887209063e-03
7.468414449e-01 2.257051622e-03
7.478180074e-01 1.618040808e-03
7.487945699e-01 2.060869532e-03
7.497711324e-01 2.302432152e-03
7.507476949e-01 1.987236436e-03
7.517242574e-01 1.758830709e-03
7.527008199e-01 2.265381863e-03
7.536773824e-01 1.610439098e-03
7.546539449e-01 1.393057995e-03
7.556305074e-01 2.204573821e-03
7.566070699e-01 2.114510502e-03
7.575836324e-01 1.516347100e-03
7.585601949e-01 1.973508259e-03
7.595367574e-01 2.004907052e-03
7.605133199e-01 2.269538031e-03
7.614898824e-01 1.626877017e-03
7.624664449e-01 1.415932642e-03
7.634430074e-01 1.671295285e-03
7.644195699e-01 2.344355028e-03
7.653961324e-01 2.186479551e-03
7.663726949e-01 2.286660314e-03
7.673492574e-01 1.982510572e-03
7.683258199e-01 1.971309788e-03
7.693023824e-01 2.318985616e-03
7.702789449e-01 1.525144251e-03
7.712555074e-01 1.893807260e-03
7.722320699e-01 1.815147621e-03
7.732086324e-01 2.308258926e-03
7.741851949e-01 2.141603328e-03
7.751617574e-01 1.497532840e-03
7.761383199e-01 1.839294193e-03
7.771148824e-01 2.042339336e-03
7.780914449e-01 1.735678643e-03
7.790680074e-01 1.543564253e-03
7.800445699e-01 1.988029976e-03
7.810211324e-01 2.342593952e-03
7.819976949e-01 1.921931646e-03
7.829742574e-01 1.896243758e-03
7.839508199e-01 1.595722632e-03
7.849273824e-01 1.934099309e-03
7.859039449e-01 1.743222260e-03
7.868805074e-01 2.329057753e-03
7.878570699e-01 2.069128392e-03
7.888336324e-01 2.335269790e-03
7.898101949e-01 1.975798789e-03
7.907867574e-01 1.980357546e-03
7.917633199e-01 1.603694994e-03
7.927398824e-01 2.009699108e-03
7.937164449e-01 2.269477422e-03
7.946930074e-01 1.589168952e-03
7.956695699e-01 1.837154352e-03
7.966461324e-01 2.196970119e-03
7.976226949e-01 2.188931021e-03
7.985992574e-01 1.449009675e-03
7.995758199e-01 2.156357732e-03
8.005523824e-01 2.330896157e-03
8.015289449e-01 1.959494133e-03
8.025055074e-01 1.611476289e-03
8.034820699e-01 2.278982180e-03
8.044586324e-01 1.740780643e-03
8.054351949e-01 1.725110823e-03
8.064117574e-01 1.757671502e-03
8.073883199e-01 1.422370967e-03
8.083648824e-01 2.076458738e-03
8.093414449e-01 1.916760734e-03
8.103180074e-01 2.025781555e-03
8.112945699e-01 2.057726358e-03
8.122711324e-01 1.477221529e-03
8.132476949e-01 1.560409865e-03
8.142242574e-01 2.268251371e-03
8.152008199e-01 2.025978471e-03
8.161773824e-01 1.918144935e-03
8.171539449e-01 2.235114533e-03
8.181305074e-01 1.732767297e-03
8.191070699e-01 1.890930106e-03
8.200836324e-01 1.848283576e-03
8.210601949e-01 2.326912391e-03
8.220367574e-01 2.108267367e-03
8.230133199e-01 1.494917092e-03
8.239898824e-01 2.233178788e-03
8.249664449e-01 2.310642283e-03
8.259430074e-01 1.945131821e-03
8.269195699e-01 2.066501119e-03
8.278961324e-01 2.135779776e-03
8.288726949e-01 2.006764650e-03
8.298492574e-01 1.858773612e-03
8.308258199e-01 2.102444722e-03
8.318023824e-01 1.601881525e-03
8.327789449e-01 2.082289018e-03
8.337555074e-01 2.016757316e-03
8.347320699e-01 1.954408805e-03
8.357086324e-01 1.442437622e-03
8.366851949e-01 1.409320165e-03
8.376617574e-01 1.988087109e-03
8.386383199e-01 2.130057111e-03
8.396148824e-01 1.937094986e-03
8.405914449e-01 1.648173508e-03
8.415680074e-01 1.821941493e-03
8.425445699e-01 2.024890142e-03
8.435211324e-01 1.819010027e-03
8.444976949e-01 1.723909967e-03
8.454742574e-01 1.684438587e-03
8.464508199e-01 2.347140229e-03
8.474273824e-01 1.592299982e-03
8.484039449e-01 2.026896503e-03
8.493805074e-01 1.871051014e-03
8.503570699e-01 2.049979220e-03
8.513336324e-01 1.986494461e-03
8.523101949e-01 1.611856275e-03
8.532867574e-01 2.153848953e-03
8.542633199e-01 1.851915561e-03
8.552398824e-01 1.554592962e-03
8.562164449e-01 1.730927192e-03
8.571930074e-01 1.550215035e-03
8.581695699e-01 2.298585451e-03
8.591461324e-01 2.345756336e-03
8.601226949e-01 2.016904842e-03
8.610992574e-01 2.032235491e-03
8.620758199e-01 1.578694724e-03
8.630523824e-01 1.730102188e-03
8.640289449e-01 1.679752524e-03
8.650055074e-01 2.140277055e-03
8.659820699e-01 1.779564567e-03
8.669586324e-01 1.695948598e-03
8.679351949e-01 1.758528646e-03
8.689117574e-01 1.539637154e-03
8.698883199e-01 2.239472477e-03
8.708648824e-01 2.012981884e-03
8.718414449e-01 1.967709135e-03
8.728180074e-01 1.893781285e-03
8.737945699e-01 1.461261177e-03
8.747711324e-01 2.297301390e-03
8.757476949e-01 2.183752601e-03
8.767242574e-01 1.437221998e-03
8.777008199e-01 1.518272248e-03
8.786773824e-01 1.839170185e-03
8.796539449e-01 1.913206718e-03
8.806305074e-01 2.173035218e-03
8.816070699e-01 1.453735863e-03
8.825836324e-01 2.129546597e-03
8.835601949e-01 1.954655083e-03
8.845367574e-01 1.909834564e-03
8.855133199e-01 2.288172347e-03
8.864898824e-01 2.289464632e-03
8.874664449e-01 2.063781444e-03
8.884430074e-01 2.213776553e-03
8.894195699e-01 2.262089052e-03
8.903961324e-01 1.707403619e-03
8.913726949e-01 1.872578546e-03
8.923492574e-01 1.467199367e-03
8.933258199e-01 2.040332910e-03
8.943023824e-01 2.155007102e-03
8.952789449e-01 2.210001304e-03
8.962555074e-01 1.445708627e-03
8.972320699e-01 1.476615539e-03
8.982086324e-01 1.594038398e-03
8.991851949e-01 1.587265259e-03
9.001617574e-01 2.317855942e-03
9.011383199e-01 2.208636575e-03
9.021148824e-01 2.156438975e-03
9.030914449e-01 1.836387514e-03
9.040680074e-01 2.271058666e-03
9.050445699e-01 2.078186825e-03
9.060211324e-01 1.644434540e-03
9.069976949e-01 2.308985474e-03
9.079742574e-01 2.197011685e-03
9.089508199e-01 2.084005061e-03
9.099273824e-01 1.845877669e-03
9.109039449e-01 1.993579942e-03
9.118805074e-01 2.137683943e-03
9.128570699e-01 1.598652184e-03
9.138336324e-01 1.571310260e-03
9.148101949e-01 1.670440979e-03
9.157867574e-01 1.509594159e-03
9.167633199e-01 1.483391595e-03
9.177398824e-01 2.333248620e-03
9.187164449e-01 2.322243821e-03
9.196930074e-01 2.344200586e-03
9.206695699e-01 1.662656427e-03
9.216461324e-01 1.816673223e-03
9.226226949e-01 1.433097396e-03
9.235992574e-01 2.301095784e-03
9.245758199e-01 1.593070694e-03
9.255523824e-01 2.240897911e-03
9.265289449e-01 2.344449882e-03
9.275055074e-01 1.667177883e-03
9.284820699e-01 1.455711554e-03
9.294586324e-01 1.552336400e-03
9.304351949e-01 1.605501016e-03
9.314117574e-01 2.261223671e-03
9.323883199e-01 2.305496685e-03
9.333648824e-01 2.038455527e-03
9.343414449e-01 2.152132437e-03
9.353180074e-01 2.003379132e-03
9.362945699e-01 2.278993629e-03
9.372711324e-01 2.080504330e-03
9.382476949e-01 1.819622511e-03
9.392242574e-01 1.982075577e-03
9.402008199e-01 1.545303996e-03
9.411773824e-01 1.431969478e-03
9.421539449e-01 1.738371490e-03
9.431305074e-01 1.738975512e-03
9.441070699e-01 1.598143851e-03
9.450836324e-01 2.003521279e-03
9.460601949e-01 1.843123096e-03
9.470367574e-01 1.675933402e-03
9.480133199e-01 1.954449804e-03
9.489898824e-01 1.782891188e-03
9.499664449e-01 1.637502543e-03
9.509430074e-01 2.210881485e-03
9.519195699e-01 2.193183781e-03
9.528961324e-01 1.664063343e-03
9.538726949e-01 2.128722124e-03
9.548492574e-01 2.379405699e-03
9.558258199e-01 1.521393762e-03
9.568023824e-01 2.089448214e-03
9.577789449e-01 1.662703407e-03
9.587555074e-01 1.569631176e-03
9.597320699e-01 2.234153925e-03
9.607086324e-01 1.860417102e-03
9.616851949e-01 1.446348308e-03
9.626617574e-01 2.154987272e-03
9.636383199e-01 1.514052406e-03
9.646148824e-01 2.190066056e-03
9.655914449e-01 1.773232163e-03
9.665680074e-01 2.384317160e-03
9.675445699e-01 1.885121790e-03
9.685211324e-01 2.183811276e-03
9.694976949e-01 1.980629452e-03
9.704742574e-01 2.021067531e-03
9.714508199e-01 2.206264944e-03
9.724273824e-01 2.309327493e-03
9.734039449e-01 2.350211871e-03
9.743805074e-01 1.417857314e-03
9.753570699e-01 1.926139400e-03
9.763336324e-01 1.806467619e-03
9.773101949e-01 1.683327808e-03
9.782867574e-01 1.493405651e-03
9.792633199e-01 2.178579523e-03
9.802398824e-01 1.909892754e-03
9.812164449e-01 2.293191140e-03
9.821930074e-01 1.983946325e-03
9.831695699e-01 2.162543050e-03
9.841461324e-01 2.033779064e-03
9.851226949e-01 1.975059086e-03
9.860992574e-01 2.272047552e-03
9.870758199e-01 1.734616611e-03
9.880523824e-01 2.225555334e-03
9.890289449e-01 1.452749990e-03
9.900055074e-01 1.579682636e-03
9.909820699e-01 1.696725288e-03
9.919586324e-01 1.486254318e-03
9.929351949e-01 2.321666510e-03
9.939117574e-01 1.797614792e-03
9.948883199e-01 2.262997883e-03
9.958648824e-01 1.704854008e-03
9.968414449e-01 1.791727528e-03
9.978180074e-01 1.757755404e-03
9.987945699e-01 1.498141084e-03
9.997711324e-01 2.358235264e-03
