4
128
5.981559453e-03 3.667112879e-03
1.379405945e-02 2.286711189e-03
2.160655945e-02 8.439771903e-03
2.941905945e-02 2.436459559e-03
3.723155945e-02 7.214801012e-03
4.504405945e-02 5.942115633e-03
5.285655945e-02 6.870468999e-03
6.066905945e-02 8.122640687e-03
6.848155945e-02 2.023261161e-03
7.629405945e-02 2.091140563e-03
8.410655945e-02 2.673691228e-03
9.191905945e-02 5.369363949e-03
9.973155945e-02 6.043274134e-03
1.075440595e-01 1.470632227e-03
1.153565595e-01 4.470751197e-03
1.231690595e-01 5.353929820e-03
1.309815595e-01 1.919817899e-03
1.387940595e-01 5.737237287e-03
1.466065595e-01 2.109579387e-03
1.544190595e-01 3.192324379e-03
1.622315595e-01 1.334739187e-03
1.700440595e-01 8.740164903e-03
1.778565595e-01 1.585067328e-03
1.856690595e-01 7.098575970e-03
1.934815595e-01 7.422672339e-03
2.012940595e-01 8.617054355e-03
2.091065595e-01 4.373693232e-03
2.169190595e-01 6.297965306e-03
2.247315595e-01 7.234326730e-03
2.325440595e-01 3.711062086e-03
2.403565595e-01 4.469637057e-03
2.481690595e-01 1.800962916e-03
2.559815595e-01 4.709021819e-03
2.637940595e-01 3.807379954e-03
2.716065595e-01 2.947113129e-03
2.794190595e-01 2.820230331e-03
2.872315595e-01 8.457617107e-03
2.950440595e-01 8.524914816e-03
3.028565595e-01 1.836912012e-03
3.106690595e-01 1.374124694e-03
3.184815595e-01 1.508504345e-03
3.262940595e-01 3.214751835e-03
3.341065595e-01 5.446833929e-03
3.419190595e-01 6.254317515e-03
3.497315595e-01 3.387113884e-03
3.575440595e-01 8.618502759e-03
3.653565595e-01 2.495849770e-03
3.731690595e-01 4.006216016e-03
3.809815595e-01 5.241703037e-03
3.887940595e-01 3.303067864e-03
3.966065595e-01 5.895351747e-03
4.044190595e-01 5.272423140e-03
4.122315595e-01 2.925880132e-03
4.200440595e-01 6.174729780e-03
4.278565595e-01 3.251970008e-03
4.356690595e-01 9.041180414e-03
4.434815595e-01 5.671065941e-03
4.512940595e-01 6.316595722e-03
4.591065595e-01 6.216725662e-03
4.669190595e-01 3.782116840e-03
4.747315595e-01 8.716022968e-03
4.825440595e-01 1.561365588e-03
4.903565595e-01 4.269717059e-03
4.981690595e-01 4.298313212e-03
5.059815595e-01 4.053641774e-03
5.137940595e-01 5.900850885e-03
5.216065595e-01 5.801685336e-03
5.294190595e-01 3.381018391e-03
5.372315595e-01 5.294639532e-03
5.450440595e-01 6.319082088e-03
5.528565595e-01 3.434735286e-03
5.606690595e-01 5.481840086e-03
5.684815595e-01 8.211630662e-03
5.762940595e-01 7.558462992e-03
5.841065595e-01 2.599644890e-03
5.919190595e-01 2.461321818e-03
5.997315595e-01 7.038629450e-03
6.075440595e-01 3.768741213e-03
6.153565595e-01 5.139863648e-03
6.231690595e-01 3.139233933e-03
6.309815595e-01 5.742282532e-03
6.387940595e-01 1.892257194e-03
6.466065595e-01 7.080263547e-03
6.544190595e-01 7.335830113e-03
6.622315595e-01 6.733711684e-03
6.700440595e-01 8.998011785e-03
6.778565595e-01 7.229338512e-03
6.856690595e-01 3.256151587e-03
6.934815595e-01 6.165023649e-03
7.012940595e-01 4.295518676e-03
7.091065595e-01 5.699257452e-03
7.169190595e-01 5.728566287e-03
7.247315595e-01 4.515930706e-03
7.325440595e-01 8.627043814e-03
7.403565595e-01 8.683967740e-03
7.481690595e-01 7.225675702e-03
7.559815595e-01 5.370508931e-03
7.637940595e-01 5.327274330e-03
7.716065595e-01 1.447318358e-03
7.794190595e-01 1.504771701e-03
7.872315595e-01 2.484974567e-03
7.950440595e-01 3.532162631e-03
8.028565595e-01 5.635707507e-03
8.106690595e-01 1.532183554e-03
8.184815595e-01 1.925182411e-03
8.262940595e-01 6.881383486e-03
8.341065595e-01 2.638506564e-03
8.419190595e-01 7.607778939e-03
8.497315595e-01 1.480553426e-03
8.575440595e-01 6.420256337e-03
8.653565595e-01 1.575352110e-03
8.731690595e-01 5.862624008e-03
8.809815595e-01 6.951246058e-03
8.887940595e-01 7.293288316e-03
8.966065595e-01 4.022562533e-03
9.044190595e-01 4.507997515e-03
9.122315595e-01 7.113266814e-03
9.200440595e-01 2.072790256e-03
9.278565595e-01 6.396456350e-03
9.356690595e-01 4.097011248e-03
9.434815595e-01 4.998438743e-03
9.512940595e-01 2.912248098e-03
9.591065595e-01 8.453511761e-03
9.669190595e-01 8.141199017e-03
9.747315595e-01 2.352512208e-03
9.825440595e-01 7.949585896e-03
9.903565595e-01 6.177862559e-03
9.981690595e-01 6.345385743e-03
