4
200
3.828198050e-03 2.811352052e-03
8.828198050e-03 1.927894147e-03
1.382819805e-02 5.865851522e-03
1.882819805e-02 2.023729476e-03
2.382819805e-02 5.081865190e-03
2.882819805e-02 4.267343055e-03
3.382819805e-02 4.861485033e-03
3.882819805e-02 5.662870048e-03
4.382819805e-02 1.759261590e-03
4.882819805e-02 1.802698143e-03
5.382819805e-02 2.175523596e-03
5.882819805e-02 3.900746449e-03
6.382819805e-02 4.332040557e-03
6.882819805e-02 1.405540597e-03
7.382819805e-02 3.325606862e-03
7.882819805e-02 3.890830564e-03
8.382819805e-02 1.692987568e-03
8.882819805e-02 4.136123854e-03
9.382819805e-02 1.814409913e-03
9.882819805e-02 2.507353053e-03
1.038281981e-01 1.318484100e-03
1.088281981e-01 6.057941343e-03
1.138281981e-01 1.478662890e-03
1.188281981e-01 5.007291617e-03
1.238281981e-01 5.214695686e-03
1.288281981e-01 5.979081756e-03
1.338281981e-01 3.263311399e-03
1.388281981e-01 4.494825461e-03
1.438281981e-01 5.094075873e-03
1.488281981e-01 2.839164762e-03
1.538281981e-01 3.324630155e-03
1.588281981e-01 1.616655261e-03
1.638281981e-01 3.477788653e-03
1.688281981e-01 2.900712682e-03
1.738281981e-01 2.350115859e-03
1.788281981e-01 2.268883927e-03
1.838281981e-01 5.876783630e-03
1.888281981e-01 5.919825429e-03
1.938281981e-01 1.639473991e-03
1.988281981e-01 1.343259548e-03
2.038281981e-01 1.429231041e-03
2.088281981e-01 2.521197019e-03
2.138281981e-01 3.949696205e-03
2.188281981e-01 4.466451398e-03
2.238281981e-01 2.631405816e-03
2.288281981e-01 5.979458475e-03
2.338281981e-01 2.060923370e-03
2.388281981e-01 3.027519596e-03
2.438281981e-01 3.818192130e-03
2.488281981e-01 2.577425465e-03
2.538281981e-01 4.236445991e-03
2.588281981e-01 3.837729512e-03
2.638281981e-01 2.335898797e-03
2.688281981e-01 4.415118353e-03
2.738281981e-01 2.544506843e-03
2.788281981e-01 6.249555201e-03
2.838281981e-01 4.092634584e-03
2.888281981e-01 4.505725228e-03
2.938281981e-01 4.441758903e-03
2.988281981e-01 2.883558691e-03
3.038281981e-01 6.041206959e-03
3.088281981e-01 1.462173487e-03
3.138281981e-01 3.195464573e-03
3.188281981e-01 3.213711144e-03
3.238281981e-01 3.057065333e-03
3.288281981e-01 4.239221943e-03
3.338281981e-01 4.175697631e-03
3.388281981e-01 2.626411277e-03
3.438281981e-01 3.851068141e-03
3.488281981e-01 4.506649543e-03
3.538281981e-01 2.660604581e-03
3.588281981e-01 3.970687460e-03
3.638281981e-01 5.717688042e-03
3.688281981e-01 5.299594144e-03
3.738281981e-01 2.125882758e-03
3.788281981e-01 2.037286970e-03
3.838281981e-01 4.966693603e-03
3.888281981e-01 2.873893640e-03
3.938281981e-01 3.751339258e-03
3.988281981e-01 2.470862243e-03
4.038281981e-01 4.136738081e-03
4.088281981e-01 1.672645323e-03
4.138281981e-01 4.992891561e-03
4.188281981e-01 5.156375039e-03
4.238281981e-01 4.770938816e-03
4.288281981e-01 6.220009137e-03
4.338281981e-01 5.087975174e-03
4.388281981e-01 2.545051140e-03
4.438281981e-01 4.406643513e-03
4.488281981e-01 3.210073231e-03
4.538281981e-01 4.108377584e-03
4.588281981e-01 4.127045403e-03
4.638281981e-01 3.350867411e-03
4.688281981e-01 5.981887188e-03
4.738281981e-01 6.018224486e-03
4.788281981e-01 5.084822154e-03
4.838281981e-01 3.897418570e-03
4.888281981e-01 3.869650142e-03
4.938281981e-01 1.386378594e-03
4.988281981e-01 1.423047554e-03
5.038281981e-01 2.050274745e-03
5.088281981e-01 2.720370989e-03
5.138281981e-01 4.066534109e-03
5.188281981e-01 1.440171685e-03
5.238281981e-01 1.691582355e-03
5.288281981e-01 4.863440928e-03
5.338281981e-01 2.147888059e-03
5.388281981e-01 5.328109204e-03
5.438281981e-01 1.406570155e-03
5.488281981e-01 4.567863740e-03
5.538281981e-01 1.467007189e-03
5.588281981e-01 4.210741780e-03
5.638281981e-01 4.907338880e-03
5.688281981e-01 5.126123313e-03
5.738281981e-01 3.032734590e-03
5.788281981e-01 3.343287136e-03
5.838281981e-01 5.010532012e-03
5.888281981e-01 1.784497898e-03
5.938281981e-01 4.551513427e-03
5.988281981e-01 3.079736125e-03
6.038281981e-01 3.656515611e-03
6.088281981e-01 2.321217801e-03
6.138281981e-01 5.867489049e-03
6.188281981e-01 5.667469689e-03
6.238281981e-01 1.962569207e-03
6.288281981e-01 5.544553712e-03
6.338281981e-01 4.410506378e-03
6.388281981e-01 4.517575065e-03
6.438281981e-01 3.071162275e-03
6.488281981e-01 4.453212912e-03
6.538281981e-01 4.596318452e-03
6.588281981e-01 3.776499118e-03
6.638281981e-01 5.828010628e-03
6.688281981e-01 2.316642274e-03
6.738281981e-01 3.869821862e-03
6.788281981e-01 6.172103730e-03
6.838281981e-01 5.831951977e-03
6.888281981e-01 4.668935062e-03
6.938281981e-01 5.150792769e-03
6.988281981e-01 5.888454993e-03
7.038281981e-01 2.886082997e-03
7.088281981e-01 5.266433808e-03
7.138281981e-01 3.747178580e-03
7.188281981e-01 1.440749944e-03
7.238281981e-01 4.039229746e-03
7.288281981e-01 5.425928640e-03
7.338281981e-01 3.429393682e-03
7.388281981e-01 2.694457762e-03
7.438281981e-01 5.854460225e-03
7.488281981e-01 1.624276735e-03
7.538281981e-01 4.416897721e-03
7.588281981e-01 3.153012126e-03
7.638281981e-01 2.586861534e-03
7.688281981e-01 3.925082717e-03
7.738281981e-01 2.460504946e-03
7.788281981e-01 3.188779287e-03
7.838281981e-01 3.108308610e-03
7.888281981e-01 5.509005364e-03
7.938281981e-01 6.343668460e-03
7.988281981e-01 4.816103269e-03
8.038281981e-01 3.598167131e-03
8.088281981e-01 4.575250435e-03
8.138281981e-01 2.227178768e-03
8.188281981e-01 3.060065175e-03
8.238281981e-01 5.525089342e-03
8.288281981e-01 4.729504641e-03
8.338281981e-01 2.863978459e-03
8.388281981e-01 4.988154575e-03
8.438281981e-01 3.028854811e-03
8.488281981e-01 1.644486335e-03
8.538281981e-01 4.505622806e-03
8.588281981e-01 4.543247315e-03
8.638281981e-01 5.538524043e-03
8.688281981e-01 1.879697796e-03
8.738281981e-01 4.610184297e-03
8.788281981e-01 3.203229556e-03
8.838281981e-01 5.930389041e-03
8.888281981e-01 1.663625505e-03
8.938281981e-01 4.521017864e-03
8.988281981e-01 5.407460904e-03
9.038281981e-01 1.909793053e-03
9.088281981e-01 2.559083634e-03
9.138281981e-01 2.180916382e-03
9.188281981e-01 3.116371301e-03
9.238281981e-01 5.103154473e-03
9.288281981e-01 3.259678902e-03
9.338281981e-01 4.922675652e-03
9.388281981e-01 1.828253664e-03
9.438281981e-01 2.384738387e-03
9.488281981e-01 4.881659793e-03
9.538281981e-01 5.258932186e-03
9.588281981e-01 4.596738346e-03
9.638281981e-01 3.069998628e-03
9.688281981e-01 6.098452917e-03
9.738281981e-01 6.268397035e-03
9.788281981e-01 2.205931005e-03
9.838281981e-01 4.438048090e-03
9.888281981e-01 2.741711488e-03
9.938281981e-01 5.802664997e-03
9.988281981e-01 6.074723689e-03
