4
2000
3.828198050e-04 1.442135175e-03
8.828198050e-04 1.353789253e-03
1.382819805e-03 1.747584755e-03
1.882819805e-03 1.363372210e-03
2.382819805e-03 1.669185336e-03
2.882819805e-03 1.587732572e-03
3.382819805e-03 1.647146113e-03
3.882819805e-03 1.727283851e-03
4.382819805e-03 1.336922135e-03
4.882819805e-03 1.341264813e-03
5.382819805e-03 1.378546273e-03
5.882819805e-03 1.551067365e-03
6.382819805e-03 1.594195474e-03
6.882819805e-03 1.301544067e-03
7.382819805e-03 1.493549174e-03
7.882819805e-03 1.550069914e-03
8.382819805e-03 1.330283873e-03
8.882819805e-03 1.574595651e-03
9.382819805e-03 1.342422294e-03
9.882819805e-03 1.411714534e-03
1.038281981e-02 1.292825452e-03
1.088281981e-02 1.766768877e-03
1.138281981e-02 1.308838620e-03
1.188281981e-02 1.661698967e-03
1.238281981e-02 1.682436734e-03
1.288281981e-02 1.758872587e-03
1.338281981e-02 1.487292683e-03
1.388281981e-02 1.610441105e-03
1.438281981e-02 1.670363046e-03
1.488281981e-02 1.444868719e-03
1.538281981e-02 1.493411925e-03
1.588281981e-02 1.322610986e-03
1.638281981e-02 1.508720757e-03
1.688281981e-02 1.451009474e-03
1.738281981e-02 1.395945987e-03
1.788281981e-02 1.387818870e-03
1.838281981e-02 1.748604797e-03
1.888281981e-02 1.752904814e-03
1.938281981e-02 1.324865386e-03
1.988281981e-02 1.295239537e-03
2.038281981e-02 1.303832160e-03
2.088281981e-02 1.413024109e-03
2.138281981e-02 1.555869257e-03
2.188281981e-02 1.607539883e-03
2.238281981e-02 1.424030308e-03
2.288281981e-02 1.758830433e-03
2.338281981e-02 1.366971657e-03
2.388281981e-02 1.463625890e-03
2.438281981e-02 1.542687628e-03
2.488281981e-02 1.418605320e-03
2.538281981e-02 1.584501605e-03
2.588281981e-02 1.544624063e-03
2.638281981e-02 1.394434969e-03
2.688281981e-02 1.602350775e-03
2.738281981e-02 1.415283346e-03
2.788281981e-02 1.785781775e-03
2.838281981e-02 1.570083177e-03
2.888281981e-02 1.611385576e-03
2.938281981e-02 1.604982147e-03
2.988281981e-02 1.449155199e-03
3.038281981e-02 1.764912967e-03
3.088281981e-02 1.307002429e-03
3.138281981e-02 1.480324215e-03
3.188281981e-02 1.482141416e-03
3.238281981e-02 1.466469246e-03
3.288281981e-02 1.584677184e-03
3.338281981e-02 1.578316895e-03
3.388281981e-02 1.423380268e-03
3.438281981e-02 1.545837826e-03
3.488281981e-02 1.611387702e-03
3.538281981e-02 1.426774806e-03
3.588281981e-02 1.557774556e-03
3.638281981e-02 1.732465939e-03
3.688281981e-02 1.690647736e-03
3.738281981e-02 1.373267646e-03
3.788281981e-02 1.364398976e-03
3.838281981e-02 1.657330408e-03
3.888281981e-02 1.448041041e-03
3.938281981e-02 1.535776091e-03
3.988281981e-02 1.407718737e-03
4.038281981e-02 1.574296526e-03
4.088281981e-02 1.327877313e-03
4.138281981e-02 1.659891856e-03
4.188281981e-02 1.676229981e-03
4.238281981e-02 1.637675991e-03
4.288281981e-02 1.782572511e-03
4.338281981e-02 1.669358457e-03
4.388281981e-02 1.415055251e-03
4.438281981e-02 1.601203539e-03
4.488281981e-02 1.481535415e-03
4.538281981e-02 1.571354608e-03
4.588281981e-02 1.573209999e-03
4.638281981e-02 1.495580660e-03
4.688281981e-02 1.758670950e-03
4.738281981e-02 1.762292842e-03
4.788281981e-02 1.668940621e-03
4.838281981e-02 1.550188124e-03
4.888281981e-02 1.547398991e-03
4.938281981e-02 1.299059395e-03
4.988281981e-02 1.302713697e-03
5.038281981e-02 1.365423670e-03
5.088281981e-02 1.432420394e-03
5.138281981e-02 1.567023652e-03
5.188281981e-02 1.304374201e-03
5.238281981e-02 1.329501904e-03
5.288281981e-02 1.646674242e-03
5.338281981e-02 1.375105280e-03
5.388281981e-02 1.693113561e-03
5.438281981e-02 1.300945666e-03
5.488281981e-02 1.617060876e-03
5.538281981e-02 1.306960915e-03
5.588281981e-02 1.581319908e-03
5.638281981e-02 1.650964992e-03
5.688281981e-02 1.672828649e-03
5.738281981e-02 1.463474829e-03
5.788281981e-02 1.494514975e-03
5.838281981e-02 1.661224192e-03
5.888281981e-02 1.338605347e-03
5.938281981e-02 1.615291303e-03
5.988281981e-02 1.468097812e-03
6.038281981e-02 1.525759835e-03
6.088281981e-02 1.392213964e-03
6.138281981e-02 1.746824833e-03
6.188281981e-02 1.726806474e-03
6.238281981e-02 1.356299837e-03
6.288281981e-02 1.714481530e-03
6.338281981e-02 1.601059872e-03
6.388281981e-02 1.611749647e-03
6.438281981e-02 1.467091105e-03
6.488281981e-02 1.605278736e-03
6.538281981e-02 1.619571687e-03
6.588281981e-02 1.537571979e-03
6.638281981e-02 1.742705184e-03
6.688281981e-02 1.391550229e-03
6.738281981e-02 1.546849897e-03
6.788281981e-02 1.777059618e-03
6.838281981e-02 1.743025803e-03
6.888281981e-02 1.626705298e-03
6.938281981e-02 1.674872079e-03
6.988281981e-02 1.748619135e-03
7.038281981e-02 1.448362593e-03
7.088281981e-02 1.686378154e-03
7.138281981e-02 1.534432934e-03
7.188281981e-02 1.303770194e-03
7.238281981e-02 1.563598118e-03
7.288281981e-02 1.702247772e-03
7.338281981e-02 1.502573860e-03
7.388281981e-02 1.429059671e-03
7.438281981e-02 1.745039139e-03
7.488281981e-02 1.321999829e-03
7.538281981e-02 1.601240783e-03
7.588281981e-02 1.474830896e-03
7.638281981e-02 1.418194324e-03
7.688281981e-02 1.551994746e-03
7.738281981e-02 1.405515086e-03
7.788281981e-02 1.478320451e-03
7.838281981e-02 1.470251128e-03
7.888281981e-02 1.710298360e-03
7.938281981e-02 1.793742038e-03
7.988281981e-02 1.640962699e-03
8.038281981e-02 1.519146075e-03
8.088281981e-02 1.616831206e-03
8.138281981e-02 1.382000648e-03
8.188281981e-02 1.465265707e-03
8.238281981e-02 1.711744349e-03
8.288281981e-02 1.632161912e-03
8.338281981e-02 1.445585134e-03
8.388281981e-02 1.657978391e-03
8.438281981e-02 1.462023865e-03
8.488281981e-02 1.323562273e-03
8.538281981e-02 1.609650979e-03
8.588281981e-02 1.613388293e-03
8.638281981e-02 1.712890630e-03
8.688281981e-02 1.346982473e-03
8.738281981e-02 1.620005391e-03
8.788281981e-02 1.479283986e-03
8.838281981e-02 1.751973803e-03
8.888281981e-02 1.325271118e-03
8.938281981e-02 1.610983820e-03
8.988281981e-02 1.699601388e-03
9.038281981e-02 1.349807665e-03
9.088281981e-02 1.414709581e-03
9.138281981e-02 1.376865509e-03
9.188281981e-02 1.470383450e-03
9.238281981e-02 1.669034011e-03
9.288281981e-02 1.484658491e-03
9.338281981e-02 1.650929996e-03
9.388281981e-02 1.341459420e-03
9.438281981e-02 1.397079306e-03
9.488281981e-02 1.646742652e-03
9.538281981e-02 1.684440887e-03
9.588281981e-02 1.618192288e-03
9.638281981e-02 1.465488890e-03
9.688281981e-02 1.768304681e-03
9.738281981e-02 1.785269242e-03
9.788281981e-02 1.378992576e-03
9.838281981e-02 1.602174007e-03
9.888281981e-02 1.432509854e-03
9.938281981e-02 1.738574498e-03
9.988281981e-02 1.765749443e-03
1.003828198e-01 1.457571727e-03
1.008828198e-01 1.549673093e-03
1.013828198e-01 1.580533355e-03
1.018828198e-01 1.371805969e-03
1.023828198e-01 1.597947156e-03
1.028828198e-01 1.401778304e-03
1.033828198e-01 1.552277466e-03
1.038828198e-01 1.551056413e-03
1.043828198e-01 1.428132806e-03
1.048828198e-01 1.364292589e-03
1.053828198e-01 1.451637009e-03
1.058828198e-01 1.478867572e-03
1.063828198e-01 1.479877152e-03
1.068828198e-01 1.529325370e-03
1.073828198e-01 1.650021730e-03
1.078828198e-01 1.349629715e-03
1.083828198e-01 1.714650245e-03
1.088828198e-01 1.501565930e-03
1.093828198e-01 1.391651145e-03
1.098828198e-01 1.312239357e-03
1.103828198e-01 1.348766170e-03
1.108828198e-01 1.776497391e-03
1.113828198e-01 1.630784761e-03
1.118828198e-01 1.514555922e-03
1.123828198e-01 1.745050667e-03
1.128828198e-01 1.616250320e-03
1.133828198e-01 1.593692524e-03
1.138828198e-01 1.547316396e-03
1.143828198e-01 1.748799581e-03
1.148828198e-01 1.532254098e-03
1.153828198e-01 1.513000576e-03
1.158828198e-01 1.406253691e-03
1.163828198e-01 1.781757209e-03
1.168828198e-01 1.793311572e-03
1.173828198e-01 1.477784910e-03
1.178828198e-01 1.579377212e-03
1.183828198e-01 1.394710307e-03
1.188828198e-01 1.729630381e-03
1.193828198e-01 1.329949190e-03
1.198828198e-01 1.522306226e-03
1.203828198e-01 1.793333617e-03
1.208828198e-01 1.480944370e-03
1.213828198e-01 1.700479479e-03
1.218828198e-01 1.472463948e-03
1.223828198e-01 1.709470405e-03
1.228828198e-01 1.549649348e-03
1.233828198e-01 1.521189262e-03
1.238828198e-01 1.623163697e-03
1.243828198e-01 1.750205760e-03
1.248828198e-01 1.611778314e-03
1.253828198e-01 1.634288371e-03
1.258828198e-01 1.797804646e-03
1.263828198e-01 1.587055806e-03
1.268828198e-01 1.463800609e-03
1.273828198e-01 1.511035405e-03
1.278828198e-01 1.530728659e-03
1.283828198e-01 1.778620450e-03
1.288828198e-01 1.803244774e-03
1.293828198e-01 1.776509211e-03
1.298828198e-01 1.725831486e-03
1.303828198e-01 1.533857613e-03
1.308828198e-01 1.487815802e-03
1.313828198e-01 1.330338453e-03
1.318828198e-01 1.513815347e-03
1.323828198e-01 1.479275134e-03
1.328828198e-01 1.506218347e-03
1.333828198e-01 1.791234754e-03
1.338828198e-01 1.571974835e-03
1.343828198e-01 1.433785307e-03
1.348828198e-01 1.319067697e-03
1.353828198e-01 1.792111975e-03
1.358828198e-01 1.424896987e-03
1.363828198e-01 1.497737266e-03
1.368828198e-01 1.690263776e-03
1.373828198e-01 1.594980367e-03
1.378828198e-01 1.404774201e-03
1.383828198e-01 1.437426739e-03
1.388828198e-01 1.313630318e-03
1.393828198e-01 1.725345647e-03
1.398828198e-01 1.384987296e-03
1.403828198e-01 1.622710464e-03
1.408828198e-01 1.556882873e-03
1.413828198e-01 1.379987806e-03
1.418828198e-01 1.406909132e-03
1.423828198e-01 1.717773328e-03
1.428828198e-01 1.588060030e-03
1.433828198e-01 1.634621569e-03
1.438828198e-01 1.693324503e-03
1.443828198e-01 1.588182463e-03
1.448828198e-01 1.607955361e-03
1.453828198e-01 1.615927479e-03
1.458828198e-01 1.318758462e-03
1.463828198e-01 1.792436433e-03
1.468828198e-01 1.642878073e-03
1.473828198e-01 1.529132808e-03
1.478828198e-01 1.468217411e-03
1.483828198e-01 1.345549098e-03
1.488828198e-01 1.516767060e-03
1.493828198e-01 1.736538552e-03
1.498828198e-01 1.475627506e-03
1.503828198e-01 1.532074641e-03
1.508828198e-01 1.724837180e-03
1.513828198e-01 1.596657903e-03
1.518828198e-01 1.725892060e-03
1.523828198e-01 1.611127841e-03
1.528828198e-01 1.387611875e-03
1.533828198e-01 1.326586571e-03
1.538828198e-01 1.744421584e-03
1.543828198e-01 1.397055877e-03
1.548828198e-01 1.747692571e-03
1.553828198e-01 1.325115887e-03
1.558828198e-01 1.715419991e-03
1.563828198e-01 1.500175723e-03
1.568828198e-01 1.400650590e-03
1.573828198e-01 1.317822624e-03
1.578828198e-01 1.413389143e-03
1.583828198e-01 1.684097291e-03
1.588828198e-01 1.647777430e-03
1.593828198e-01 1.801993437e-03
1.598828198e-01 1.467506084e-03
1.603828198e-01 1.450905649e-03
1.608828198e-01 1.613040289e-03
1.613828198e-01 1.481330420e-03
1.618828198e-01 1.438354446e-03
1.623828198e-01 1.450877202e-03
1.628828198e-01 1.705368532e-03
1.633828198e-01 1.601423613e-03
1.638828198e-01 1.491224493e-03
1.643828198e-01 1.416880210e-03
1.648828198e-01 1.532653195e-03
1.653828198e-01 1.661489429e-03
1.658828198e-01 1.643538667e-03
1.663828198e-01 1.452020566e-03
1.668828198e-01 1.452623884e-03
1.673828198e-01 1.563853627e-03
1.678828198e-01 1.757517641e-03
1.683828198e-01 1.534551316e-03
1.688828198e-01 1.584702065e-03
1.693828198e-01 1.696147389e-03
1.698828198e-01 1.625761641e-03
1.703828198e-01 1.526495354e-03
1.708828198e-01 1.715310252e-03
1.713828198e-01 1.535174854e-03
1.718828198e-01 1.720610532e-03
1.723828198e-01 1.309846516e-03
1.728828198e-01 1.546829359e-03
1.733828198e-01 1.327777749e-03
1.738828198e-01 1.687668061e-03
1.743828198e-01 1.388277211e-03
1.748828198e-01 1.323387764e-03
1.753828198e-01 1.348736864e-03
1.758828198e-01 1.532691709e-03
1.763828198e-01 1.629883017e-03
1.768828198e-01 1.523468352e-03
1.773828198e-01 1.664393314e-03
1.778828198e-01 1.774053455e-03
1.783828198e-01 1.422076184e-03
1.788828198e-01 1.459002277e-03
1.793828198e-01 1.458409337e-03
1.798828198e-01 1.532033809e-03
1.803828198e-01 1.684678901e-03
1.808828198e-01 1.312868194e-03
1.813828198e-01 1.368487890e-03
1.818828198e-01 1.329560853e-03
1.823828198e-01 1.458299425e-03
1.828828198e-01 1.625094812e-03
1.833828198e-01 1.779777725e-03
1.838828198e-01 1.685495893e-03
1.843828198e-01 1.402387938e-03
1.848828198e-01 1.668462070e-03
1.853828198e-01 1.503740373e-03
1.858828198e-01 1.621312000e-03
1.863828198e-01 1.576146886e-03
1.868828198e-01 1.731235635e-03
1.873828198e-01 1.534188771e-03
1.878828198e-01 1.578205458e-03
1.883828198e-01 1.470222854e-03
1.888828198e-01 1.554070172e-03
1.893828198e-01 1.457922949e-03
1.898828198e-01 1.550495260e-03
1.903828198e-01 1.569398883e-03
1.908828198e-01 1.498546499e-03
1.913828198e-01 1.775019382e-03
1.918828198e-01 1.391060025e-03
1.923828198e-01 1.713738676e-03
1.928828198e-01 1.631082208e-03
1.933828198e-01 1.356728665e-03
1.938828198e-01 1.327375706e-03
1.943828198e-01 1.781590979e-03
1.948828198e-01 1.506590130e-03
1.953828198e-01 1.550807264e-03
1.958828198e-01 1.657613236e-03
1.963828198e-01 1.510747275e-03
1.968828198e-01 1.610529687e-03
1.973828198e-01 1.678354192e-03
1.978828198e-01 1.660172359e-03
1.983828198e-01 1.426695700e-03
1.988828198e-01 1.649148647e-03
1.993828198e-01 1.536630499e-03
1.998828198e-01 1.519991388e-03
2.003828198e-01 1.508463956e-03
2.008828198e-01 1.731169587e-03
2.013828198e-01 1.332047567e-03
2.018828198e-01 1.775300472e-03
2.023828198e-01 1.653040289e-03
2.028828198e-01 1.556816829e-03
2.033828198e-01 1.544031832e-03
2.038828198e-01 1.313734443e-03
2.043828198e-01 1.801303685e-03
2.048828198e-01 1.692316835e-03
2.053828198e-01 1.554537116e-03
2.058828198e-01 1.560955325e-03
2.063828198e-01 1.381061423e-03
2.068828198e-01 1.519699906e-03
2.073828198e-01 1.642104063e-03
2.078828198e-01 1.784834104e-03
2.083828198e-01 1.340761397e-03
2.088828198e-01 1.688757276e-03
2.093828198e-01 1.802079610e-03
2.098828198e-01 1.312167415e-03
2.103828198e-01 1.385107671e-03
2.108828198e-01 1.542592351e-03
2.113828198e-01 1.659431328e-03
2.118828198e-01 1.585450809e-03
2.123828198e-01 1.342663074e-03
2.128828198e-01 1.527271714e-03
2.133828198e-01 1.435054509e-03
2.138828198e-01 1.458735248e-03
2.143828198e-01 1.365741954e-03
2.148828198e-01 1.660951706e-03
2.153828198e-01 1.667938427e-03
2.158828198e-01 1.563362781e-03
2.163828198e-01 1.581223231e-03
2.168828198e-01 1.689032984e-03
2.173828198e-01 1.527655283e-03
2.178828198e-01 1.423200576e-03
2.183828198e-01 1.434731882e-03
2.188828198e-01 1.760514184e-03
2.193828198e-01 1.425707074e-03
2.198828198e-01 1.424752595e-03
2.203828198e-01 1.641493006e-03
2.208828198e-01 1.668851124e-03
2.213828198e-01 1.674259786e-03
2.218828198e-01 1.711051214e-03
2.223828198e-01 1.376992721e-03
2.228828198e-01 1.504750433e-03
2.233828198e-01 1.684216781e-03
2.238828198e-01 1.406030447e-03
2.243828198e-01 1.381728891e-03
2.248828198e-01 1.674462412e-03
2.253828198e-01 1.406308708e-03
2.258828198e-01 1.454892221e-03
2.263828198e-01 1.405055221e-03
2.268828198e-01 1.753685279e-03
2.273828198e-01 1.728233045e-03
2.278828198e-01 1.435553069e-03
2.283828198e-01 1.468736513e-03
2.288828198e-01 1.351011805e-03
2.293828198e-01 1.581957286e-03
2.298828198e-01 1.522092141e-03
2.303828198e-01 1.699521877e-03
2.308828198e-01 1.437398756e-03
2.313828198e-01 1.772902631e-03
2.318828198e-01 1.468137467e-03
2.323828198e-01 1.813768737e-03
2.328828198e-01 1.487839534e-03
2.333828198e-01 1.578564275e-03
2.338828198e-01 1.435671448e-03
2.343828198e-01 1.435469130e-03
2.348828198e-01 1.691331331e-03
2.353828198e-01 1.547428582e-03
2.358828198e-01 1.763911218e-03
2.363828198e-01 1.547076067e-03
2.368828198e-01 1.408526495e-03
2.373828198e-01 1.661745062e-03
2.378828198e-01 1.610795907e-03
2.383828198e-01 1.599948523e-03
2.388828198e-01 1.532577901e-03
2.393828198e-01 1.703386860e-03
2.398828198e-01 1.668182354e-03
2.403828198e-01 1.393489675e-03
2.408828198e-01 1.796089338e-03
2.413828198e-01 1.809412739e-03
2.418828198e-01 1.484827440e-03
2.423828198e-01 1.736001529e-03
2.428828198e-01 1.723817049e-03
2.433828198e-01 1.606496115e-03
2.438828198e-01 1.390797973e-03
2.443828198e-01 1.760833099e-03
2.448828198e-01 1.374401945e-03
2.453828198e-01 1.598782944e-03
2.458828198e-01 1.646192077e-03
2.463828198e-01 1.497582061e-03
2.468828198e-01 1.557411179e-03
2.473828198e-01 1.799999380e-03
2.478828198e-01 1.496964852e-03
2.483828198e-01 1.730808971e-03
2.488828198e-01 1.564066103e-03
2.493828198e-01 1.618082924e-03
2.498828198e-01 1.351668888e-03
2.503828198e-01 1.440732371e-03
2.508828198e-01 1.350790578e-03
2.513828198e-01 1.800803301e-03
2.518828198e-01 1.672975741e-03
2.523828198e-01 1.444428471e-03
2.528828198e-01 1.647603842e-03
2.533828198e-01 1.468771194e-03
2.538828198e-01 1.729320594e-03
2.543828198e-01 1.365069383e-03
2.548828198e-01 1.356989720e-03
2.553828198e-01 1.582278627e-03
2.558828198e-01 1.443278735e-03
2.563828198e-01 1.337742721e-03
2.568828198e-01 1.576299000e-03
2.573828198e-01 1.612657768e-03
2.578828198e-01 1.758239787e-03
2.583828198e-01 1.484555516e-03
2.588828198e-01 1.403537267e-03
2.593828198e-01 1.333365046e-03
2.598828198e-01 1.429659790e-03
2.603828198e-01 1.462154262e-03
2.608828198e-01 1.616306903e-03
2.613828198e-01 1.759954628e-03
2.618828198e-01 1.643782918e-03
2.623828198e-01 1.357708496e-03
2.628828198e-01 1.743888230e-03
2.633828198e-01 1.324625784e-03
2.638828198e-01 1.772339261e-03
2.643828198e-01 1.491719891e-03
2.648828198e-01 1.626418018e-03
2.653828198e-01 1.807661197e-03
2.658828198e-01 1.616049034e-03
2.663828198e-01 1.660749078e-03
2.668828198e-01 1.791948676e-03
2.673828198e-01 1.472452635e-03
2.678828198e-01 1.788549079e-03
2.683828198e-01 1.622867702e-03
2.688828198e-01 1.624482653e-03
2.693828198e-01 1.701072124e-03
2.698828198e-01 1.671083149e-03
2.703828198e-01 1.664562038e-03
2.708828198e-01 1.466384001e-03
2.713828198e-01 1.797338706e-03
2.718828198e-01 1.685225139e-03
2.723828198e-01 1.725546925e-03
2.728828198e-01 1.592803928e-03
2.733828198e-01 1.626215895e-03
2.738828198e-01 1.392796913e-03
2.743828198e-01 1.678979155e-03
2.748828198e-01 1.642162376e-03
2.753828198e-01 1.504981600e-03
2.758828198e-01 1.323601760e-03
2.763828198e-01 1.440881054e-03
2.768828198e-01 1.447291422e-03
2.773828198e-01 1.649683278e-03
2.778828198e-01 1.480831541e-03
2.783828198e-01 1.373365020e-03
2.788828198e-01 1.656437793e-03
2.793828198e-01 1.435242883e-03
2.798828198e-01 1.547100328e-03
2.803828198e-01 1.464814548e-03
2.808828198e-01 1.424806125e-03
2.813828198e-01 1.344994700e-03
2.818828198e-01 1.807352245e-03
2.823828198e-01 1.398486684e-03
2.828828198e-01 1.499122470e-03
2.833828198e-01 1.777519696e-03
2.838828198e-01 1.702915982e-03
2.843828198e-01 1.805109930e-03
2.848828198e-01 1.660039822e-03
2.853828198e-01 1.555390315e-03
2.858828198e-01 1.651006319e-03
2.863828198e-01 1.807701329e-03
2.868828198e-01 1.533949665e-03
2.873828198e-01 1.517395227e-03
2.878828198e-01 1.714355136e-03
2.883828198e-01 1.807803573e-03
2.888828198e-01 1.324604185e-03
2.893828198e-01 1.788088181e-03
2.898828198e-01 1.667661916e-03
2.903828198e-01 1.647588791e-03
2.908828198e-01 1.473835038e-03
2.913828198e-01 1.671971946e-03
2.918828198e-01 1.769121115e-03
2.923828198e-01 1.601720716e-03
2.928828198e-01 1.502192450e-03
2.933828198e-01 1.430432839e-03
2.938828198e-01 1.655508862e-03
2.943828198e-01 1.338996297e-03
2.948828198e-01 1.545984692e-03
2.953828198e-01 1.382861060e-03
2.958828198e-01 1.484005603e-03
2.963828198e-01 1.650928446e-03
2.968828198e-01 1.407936248e-03
2.973828198e-01 1.471381180e-03
2.978828198e-01 1.729381292e-03
2.983828198e-01 1.586967696e-03
2.988828198e-01 1.428752656e-03
2.993828198e-01 1.612091842e-03
2.998828198e-01 1.571814967e-03
3.003828198e-01 1.768472579e-03
3.008828198e-01 1.347105003e-03
3.013828198e-01 1.402386863e-03
3.018828198e-01 1.755682202e-03
3.023828198e-01 1.560505665e-03
3.028828198e-01 1.599175776e-03
3.033828198e-01 1.649373697e-03
3.038828198e-01 1.547588258e-03
3.043828198e-01 1.603001628e-03
3.048828198e-01 1.616626177e-03
3.053828198e-01 1.394357089e-03
3.058828198e-01 1.429639938e-03
3.063828198e-01 1.769453324e-03
3.068828198e-01 1.745263719e-03
3.073828198e-01 1.377638297e-03
3.078828198e-01 1.549993830e-03
3.083828198e-01 1.426218492e-03
3.088828198e-01 1.486775978e-03
3.093828198e-01 1.384150038e-03
3.098828198e-01 1.443804625e-03
3.103828198e-01 1.711292980e-03
3.108828198e-01 1.445485870e-03
3.113828198e-01 1.606227446e-03
3.118828198e-01 1.540581076e-03
3.123828198e-01 1.531724187e-03
3.128828198e-01 1.755853099e-03
3.133828198e-01 1.448149231e-03
3.138828198e-01 1.796821122e-03
3.143828198e-01 1.362677355e-03
3.148828198e-01 1.738255020e-03
3.153828198e-01 1.546592369e-03
3.158828198e-01 1.809048532e-03
3.163828198e-01 1.763200925e-03
3.168828198e-01 1.626762423e-03
3.173828198e-01 1.742456200e-03
3.178828198e-01 1.501374317e-03
3.183828198e-01 1.403548174e-03
3.188828198e-01 1.569382104e-03
3.193828198e-01 1.726457000e-03
3.198828198e-01 1.683986430e-03
3.203828198e-01 1.363387098e-03
3.208828198e-01 1.798135082e-03
3.213828198e-01 1.790889521e-03
3.218828198e-01 1.810045722e-03
3.223828198e-01 1.720546232e-03
3.228828198e-01 1.345617367e-03
3.233828198e-01 1.537071203e-03
3.238828198e-01 1.823738464e-03
3.243828198e-01 1.509309159e-03
3.248828198e-01 1.598079116e-03
3.253828198e-01 1.444343009e-03
3.258828198e-01 1.397344089e-03
3.263828198e-01 1.720248953e-03
3.268828198e-01 1.727196425e-03
3.273828198e-01 1.614493124e-03
3.278828198e-01 1.428483071e-03
3.283828198e-01 1.659501414e-03
3.288828198e-01 1.739036190e-03
3.293828198e-01 1.401639957e-03
3.298828198e-01 1.698456449e-03
3.303828198e-01 1.653510791e-03
3.308828198e-01 1.624393794e-03
3.313828198e-01 1.683608321e-03
3.318828198e-01 1.592756913e-03
3.323828198e-01 1.427143258e-03
3.328828198e-01 1.601993392e-03
3.333828198e-01 1.770001915e-03
3.338828198e-01 1.506503916e-03
3.343828198e-01 1.347129764e-03
3.348828198e-01 1.672154954e-03
3.353828198e-01 1.366128142e-03
3.358828198e-01 1.386096401e-03
3.363828198e-01 1.645811301e-03
3.368828198e-01 1.332480642e-03
3.373828198e-01 1.371546798e-03
3.378828198e-01 1.541703892e-03
3.383828198e-01 1.353386037e-03
3.388828198e-01 1.583847685e-03
3.393828198e-01 1.540613680e-03
3.398828198e-01 1.537808146e-03
3.403828198e-01 1.356981361e-03
3.408828198e-01 1.659952845e-03
3.413828198e-01 1.610089973e-03
3.418828198e-01 1.752109619e-03
3.423828198e-01 1.561970127e-03
3.428828198e-01 1.399345493e-03
3.433828198e-01 1.355296609e-03
3.438828198e-01 1.396116970e-03
3.443828198e-01 1.812968605e-03
3.448828198e-01 1.431464968e-03
3.453828198e-01 1.769043286e-03
3.458828198e-01 1.640890713e-03
3.463828198e-01 1.730211514e-03
3.468828198e-01 1.626945782e-03
3.473828198e-01 1.407883207e-03
3.478828198e-01 1.331531745e-03
3.483828198e-01 1.403057523e-03
3.488828198e-01 1.351944834e-03
3.493828198e-01 1.512036721e-03
3.498828198e-01 1.424129681e-03
3.503828198e-01 1.697983501e-03
3.508828198e-01 1.551989879e-03
3.513828198e-01 1.483992387e-03
3.518828198e-01 1.517502381e-03
3.523828198e-01 1.558119361e-03
3.528828198e-01 1.529129271e-03
3.533828198e-01 1.732737589e-03
3.538828198e-01 1.584977930e-03
3.543828198e-01 1.786390689e-03
3.548828198e-01 1.446706188e-03
3.553828198e-01 1.796082166e-03
3.558828198e-01 1.816609297e-03
3.563828198e-01 1.779837423e-03
3.568828198e-01 1.579291656e-03
3.573828198e-01 1.741779545e-03
3.578828198e-01 1.514809278e-03
3.583828198e-01 1.651579959e-03
3.588828198e-01 1.769960033e-03
3.593828198e-01 1.583751181e-03
3.598828198e-01 1.637314536e-03
3.603828198e-01 1.374131997e-03
3.608828198e-01 1.525442472e-03
3.613828198e-01 1.450794249e-03
3.618828198e-01 1.776873492e-03
3.623828198e-01 1.824859199e-03
3.628828198e-01 1.531089352e-03
3.633828198e-01 1.780758068e-03
3.638828198e-01 1.400210473e-03
3.643828198e-01 1.555268843e-03
3.648828198e-01 1.464970337e-03
3.653828198e-01 1.496456579e-03
3.658828198e-01 1.425309629e-03
3.663828198e-01 1.688958349e-03
3.668828198e-01 1.652387931e-03
3.673828198e-01 1.614691792e-03
3.678828198e-01 1.418898293e-03
3.683828198e-01 1.353278572e-03
3.688828198e-01 1.519131524e-03
3.693828198e-01 1.675519123e-03
3.698828198e-01 1.811252904e-03
3.703828198e-01 1.637362082e-03
3.708828198e-01 1.643066372e-03
3.713828198e-01 1.799267981e-03
3.718828198e-01 1.588545969e-03
3.723828198e-01 1.393645159e-03
3.728828198e-01 1.712275312e-03
3.733828198e-01 1.774523671e-03
3.738828198e-01 1.716334166e-03
3.743828198e-01 1.653285001e-03
3.748828198e-01 1.529265101e-03
3.753828198e-01 1.524579530e-03
3.758828198e-01 1.698288390e-03
3.763828198e-01 1.725519514e-03
3.768828198e-01 1.646126253e-03
3.773828198e-01 1.645854874e-03
3.778828198e-01 1.721012209e-03
3.783828198e-01 1.347789590e-03
3.788828198e-01 1.597127402e-03
3.793828198e-01 1.791677602e-03
3.798828198e-01 1.573453796e-03
3.803828198e-01 1.732433531e-03
3.808828198e-01 1.458410387e-03
3.813828198e-01 1.668980030e-03
3.818828198e-01 1.591548869e-03
3.823828198e-01 1.780895676e-03
3.828828198e-01 1.453709534e-03
3.833828198e-01 1.680425213e-03
3.838828198e-01 1.804092624e-03
3.843828198e-01 1.642699743e-03
3.848828198e-01 1.525743314e-03
3.853828198e-01 1.785084784e-03
3.858828198e-01 1.449741346e-03
3.863828198e-01 1.338429455e-03
3.868828198e-01 1.753912769e-03
3.873828198e-01 1.707787538e-03
3.878828198e-01 1.401515041e-03
3.883828198e-01 1.635568696e-03
3.888828198e-01 1.651631997e-03
3.893828198e-01 1.787110154e-03
3.898828198e-01 1.458054787e-03
3.903828198e-01 1.350038316e-03
3.908828198e-01 1.480771015e-03
3.913828198e-01 1.825364607e-03
3.918828198e-01 1.744519342e-03
3.923828198e-01 1.795798849e-03
3.928828198e-01 1.640061114e-03
3.933828198e-01 1.634313223e-03
3.938828198e-01 1.812310133e-03
3.943828198e-01 1.405850217e-03
3.948828198e-01 1.594592518e-03
3.953828198e-01 1.554305599e-03
3.958828198e-01 1.806765380e-03
3.963828198e-01 1.721424484e-03
3.968828198e-01 1.391647141e-03
3.973828198e-01 1.566615676e-03
3.978828198e-01 1.670561489e-03
3.983828198e-01 1.513537890e-03
3.988828198e-01 1.415161975e-03
3.993828198e-01 1.642715054e-03
3.998828198e-01 1.824238415e-03
4.003828198e-01 1.608845896e-03
4.008828198e-01 1.595680256e-03
4.013828198e-01 1.441799974e-03
4.018828198e-01 1.615035344e-03
4.023828198e-01 1.517292782e-03
4.028828198e-01 1.817227018e-03
4.033828198e-01 1.684129625e-03
4.038828198e-01 1.820380437e-03
4.043828198e-01 1.636317678e-03
4.048828198e-01 1.638638131e-03
4.053828198e-01 1.445773249e-03
4.058828198e-01 1.653633677e-03
4.063828198e-01 1.786626471e-03
4.068828198e-01 1.438294808e-03
4.073828198e-01 1.565249583e-03
4.078828198e-01 1.749461482e-03
4.083828198e-01 1.745331666e-03
4.088828198e-01 1.366478115e-03
4.093828198e-01 1.728626475e-03
4.098828198e-01 1.817976279e-03
4.103828198e-01 1.627804550e-03
4.108828198e-01 1.449605496e-03
4.113828198e-01 1.791354571e-03
4.118828198e-01 1.515781419e-03
4.123828198e-01 1.507744482e-03
4.128828198e-01 1.524401536e-03
4.133828198e-01 1.352713624e-03
4.138828198e-01 1.687592502e-03
4.143828198e-01 1.605813038e-03
4.148828198e-01 1.661617588e-03
4.153828198e-01 1.677959194e-03
4.158828198e-01 1.380726563e-03
4.163828198e-01 1.423304809e-03
4.168828198e-01 1.785705454e-03
4.173828198e-01 1.661647498e-03
4.178828198e-01 1.606422473e-03
4.183828198e-01 1.768696628e-03
4.188828198e-01 1.511480539e-03
4.193828198e-01 1.592445570e-03
4.198828198e-01 1.570596194e-03
4.203828198e-01 1.815639772e-03
4.208828198e-01 1.703679118e-03
4.213828198e-01 1.389629352e-03
4.218828198e-01 1.767604891e-03
4.223828198e-01 1.807251727e-03
4.228828198e-01 1.620095871e-03
4.233828198e-01 1.682222429e-03
4.238828198e-01 1.717678554e-03
4.243828198e-01 1.651608238e-03
4.248828198e-01 1.575822230e-03
4.253828198e-01 1.700567217e-03
4.258828198e-01 1.444264215e-03
4.263828198e-01 1.690218181e-03
4.268828198e-01 1.656651256e-03
4.273828198e-01 1.624714098e-03
4.278828198e-01 1.362570109e-03
4.283828198e-01 1.345599202e-03
4.288828198e-01 1.641913085e-03
4.293828198e-01 1.714586907e-03
4.298828198e-01 1.615775457e-03
4.303828198e-01 1.467832792e-03
4.308828198e-01 1.556787109e-03
4.313828198e-01 1.660681900e-03
4.318828198e-01 1.555256339e-03
4.323828198e-01 1.506550142e-03
4.328828198e-01 1.486325804e-03
4.333828198e-01 1.825614028e-03
4.338828198e-01 1.439120781e-03
4.343828198e-01 1.661619134e-03
4.348828198e-01 1.581811152e-03
4.353828198e-01 1.673407278e-03
4.358828198e-01 1.640887940e-03
4.363828198e-01 1.449058023e-03
4.368828198e-01 1.726543083e-03
4.373828198e-01 1.571937971e-03
4.378828198e-01 1.419693559e-03
4.383828198e-01 1.509961419e-03
4.388828198e-01 1.417421503e-03
4.393828198e-01 1.800571841e-03
4.398828198e-01 1.824707992e-03
4.403828198e-01 1.656320661e-03
4.408828198e-01 1.664154561e-03
4.413828198e-01 1.431926272e-03
4.418828198e-01 1.509431452e-03
4.423828198e-01 1.483636956e-03
4.428828198e-01 1.719410024e-03
4.433828198e-01 1.534709712e-03
4.438828198e-01 1.491882793e-03
4.443828198e-01 1.523908209e-03
4.448828198e-01 1.411820172e-03
4.453828198e-01 1.770120238e-03
4.458828198e-01 1.654141410e-03
4.463828198e-01 1.630946093e-03
4.468828198e-01 1.593079339e-03
4.473828198e-01 1.371613323e-03
4.478828198e-01 1.799650166e-03
4.483828198e-01 1.741497415e-03
4.488828198e-01 1.359257949e-03
4.493828198e-01 1.400739854e-03
4.498828198e-01 1.565023750e-03
4.503828198e-01 1.602914582e-03
4.508828198e-01 1.735930875e-03
4.513828198e-01 1.367633680e-03
4.518828198e-01 1.713632826e-03
4.523828198e-01 1.624072395e-03
4.528828198e-01 1.601108287e-03
4.533828198e-01 1.794801205e-03
4.538828198e-01 1.795446802e-03
4.543828198e-01 1.679880931e-03
4.548828198e-01 1.756662322e-03
4.553828198e-01 1.781382192e-03
4.558828198e-01 1.497367094e-03
4.563828198e-01 1.581920475e-03
4.568828198e-01 1.374350128e-03
4.573828198e-01 1.667778269e-03
4.578828198e-01 1.726475196e-03
4.583828198e-01 1.754615942e-03
4.588828198e-01 1.363281781e-03
4.593828198e-01 1.379089783e-03
4.598828198e-01 1.439193924e-03
4.603828198e-01 1.435709688e-03
4.608828198e-01 1.809755702e-03
4.613828198e-01 1.753818946e-03
4.618828198e-01 1.727077308e-03
4.623828198e-01 1.563194467e-03
4.628828198e-01 1.785729578e-03
4.633828198e-01 1.686962650e-03
4.638828198e-01 1.464864910e-03
4.643828198e-01 1.805098391e-03
4.648828198e-01 1.747751188e-03
4.653828198e-01 1.689875146e-03
4.658828198e-01 1.567937246e-03
4.663828198e-01 1.643544108e-03
4.668828198e-01 1.717308629e-03
4.673828198e-01 1.441307613e-03
4.678828198e-01 1.427291768e-03
4.683828198e-01 1.478029889e-03
4.688828198e-01 1.395659484e-03
4.693828198e-01 1.382226912e-03
4.698828198e-01 1.817336823e-03
4.703828198e-01 1.811685453e-03
4.708828198e-01 1.822910378e-03
4.713828198e-01 1.473942804e-03
4.718828198e-01 1.552782412e-03
4.723828198e-01 1.356374570e-03
4.728828198e-01 1.800772701e-03
4.733828198e-01 1.438246784e-03
4.738828198e-01 1.769917221e-03
4.743828198e-01 1.822918707e-03
4.748828198e-01 1.476138293e-03
4.753828198e-01 1.367850355e-03
4.758828198e-01 1.417305073e-03
4.763828198e-01 1.444508125e-03
4.768828198e-01 1.780220868e-03
4.773828198e-01 1.802871368e-03
4.778828198e-01 1.666128984e-03
4.783828198e-01 1.724314225e-03
4.788828198e-01 1.648135169e-03
4.793828198e-01 1.789232401e-03
4.798828198e-01 1.687588463e-03
4.803828198e-01 1.553999528e-03
4.808828198e-01 1.637158026e-03
4.813828198e-01 1.413513479e-03
4.818828198e-01 1.355468681e-03
4.823828198e-01 1.512328960e-03
4.828828198e-01 1.512620641e-03
4.833828198e-01 1.440497226e-03
4.838828198e-01 1.648032837e-03
4.843828198e-01 1.565891308e-03
4.848828198e-01 1.480272499e-03
4.853828198e-01 1.622855183e-03
4.858828198e-01 1.534999432e-03
4.863828198e-01 1.460542678e-03
4.868828198e-01 1.754094903e-03
4.873828198e-01 1.745015857e-03
4.878828198e-01 1.474088344e-03
4.883828198e-01 1.711975765e-03
4.888828198e-01 1.840307852e-03
4.893828198e-01 1.400987811e-03
4.898828198e-01 1.691813733e-03
4.903828198e-01 1.473302408e-03
4.908828198e-01 1.425631414e-03
4.913828198e-01 1.765849023e-03
4.918828198e-01 1.574477703e-03
4.923828198e-01 1.362456388e-03
4.928828198e-01 1.725261417e-03
4.933828198e-01 1.397084617e-03
4.938828198e-01 1.743185431e-03
4.943828198e-01 1.529748275e-03
4.948828198e-01 1.842605563e-03
4.953828198e-01 1.586999277e-03
4.958828198e-01 1.739910009e-03
4.963828198e-01 1.635862602e-03
4.968828198e-01 1.656548559e-03
4.973828198e-01 1.751351267e-03
4.978828198e-01 1.804100897e-03
4.983828198e-01 1.825015276e-03
4.988828198e-01 1.347631293e-03
4.993828198e-01 1.607853244e-03
4.998828198e-01 1.546562786e-03
5.003828198e-01 1.483496670e-03
5.008828198e-01 1.386237965e-03
5.013828198e-01 1.737028400e-03
5.018828198e-01 1.599442158e-03
5.023828198e-01 1.795672288e-03
5.028828198e-01 1.637320272e-03
5.033828198e-01 1.728743096e-03
5.038828198e-01 1.662797208e-03
5.043828198e-01 1.632713825e-03
5.048828198e-01 1.784753137e-03
5.053828198e-01 1.509569685e-03
5.058828198e-01 1.760911473e-03
5.063828198e-01 1.365216270e-03
5.068828198e-01 1.430186891e-03
5.073828198e-01 1.490093807e-03
5.078828198e-01 1.382313720e-03
5.083828198e-01 1.810025785e-03
5.088828198e-01 1.541692300e-03
5.093828198e-01 1.779949408e-03
5.098828198e-01 1.494160682e-03
5.103828198e-01 1.538620834e-03
5.108828198e-01 1.521207989e-03
5.113828198e-01 1.388266311e-03
5.118828198e-01 1.828615357e-03
5.123828198e-01 1.831824751e-03
5.128828198e-01 1.793622048e-03
5.133828198e-01 1.786656975e-03
5.138828198e-01 1.810716982e-03
5.143828198e-01 1.795066514e-03
5.148828198e-01 1.548259591e-03
5.153828198e-01 1.510965326e-03
5.158828198e-01 1.432184910e-03
5.163828198e-01 1.588055435e-03
5.168828198e-01 1.401487739e-03
5.173828198e-01 1.685057200e-03
5.178828198e-01 1.537093957e-03
5.183828198e-01 1.692110330e-03
5.188828198e-01 1.567038684e-03
5.193828198e-01 1.353065606e-03
5.198828198e-01 1.477934632e-03
5.203828198e-01 1.504838317e-03
5.208828198e-01 1.515617791e-03
5.213828198e-01 1.391764591e-03
5.218828198e-01 1.522909044e-03
5.223828198e-01 1.598595091e-03
5.228828198e-01 1.534584744e-03
5.233828198e-01 1.557885031e-03
5.238828198e-01 1.561219046e-03
5.243828198e-01 1.728811102e-03
5.248828198e-01 1.490304367e-03
5.253828198e-01 1.707785511e-03
5.258828198e-01 1.419773555e-03
5.263828198e-01 1.663789796e-03
5.268828198e-01 1.748265066e-03
5.273828198e-01 1.400537944e-03
5.278828198e-01 1.647699351e-03
5.283828198e-01 1.693907671e-03
5.288828198e-01 1.839151213e-03
5.293828198e-01 1.610308349e-03
5.298828198e-01 1.640801906e-03
5.303828198e-01 1.539174213e-03
5.308828198e-01 1.772972755e-03
5.313828198e-01 1.724621550e-03
5.318828198e-01 1.778800020e-03
5.323828198e-01 1.825966487e-03
5.328828198e-01 1.561120347e-03
5.333828198e-01 1.467271162e-03
5.338828198e-01 1.669389574e-03
5.343828198e-01 1.779407342e-03
5.348828198e-01 1.471520617e-03
5.353828198e-01 1.798443576e-03
5.358828198e-01 1.435300533e-03
5.363828198e-01 1.638128769e-03
5.368828198e-01 1.841134000e-03
5.373828198e-01 1.609070864e-03
5.378828198e-01 1.387520585e-03
5.383828198e-01 1.526450889e-03
5.388828198e-01 1.817623444e-03
5.393828198e-01 1.599342568e-03
5.398828198e-01 1.405800298e-03
5.403828198e-01 1.458401471e-03
5.408828198e-01 1.457537077e-03
5.413828198e-01 1.475918171e-03
5.418828198e-01 1.772470889e-03
5.423828198e-01 1.356017051e-03
5.428828198e-01 1.526606293e-03
5.433828198e-01 1.570255671e-03
5.438828198e-01 1.699945390e-03
5.443828198e-01 1.515713393e-03
5.448828198e-01 1.830455109e-03
5.453828198e-01 1.490573571e-03
5.458828198e-01 1.704649051e-03
5.463828198e-01 1.753124461e-03
5.468828198e-01 1.364826853e-03
5.473828198e-01 1.633015921e-03
5.478828198e-01 1.728592900e-03
5.483828198e-01 1.575384237e-03
5.488828198e-01 1.749659188e-03
5.493828198e-01 1.547289630e-03
5.498828198e-01 1.504033769e-03
5.503828198e-01 1.370357012e-03
5.508828198e-01 1.494845414e-03
5.513828198e-01 1.588381493e-03
5.518828198e-01 1.657467940e-03
5.523828198e-01 1.484896522e-03
5.528828198e-01 1.846304399e-03
5.533828198e-01 1.693775483e-03
5.538828198e-01 1.660069268e-03
5.543828198e-01 1.812584581e-03
5.548828198e-01 1.441709655e-03
5.553828198e-01 1.714396018e-03
5.558828198e-01 1.419447336e-03
5.563828198e-01 1.547642830e-03
5.568828198e-01 1.838645084e-03
5.573828198e-01 1.840183901e-03
5.578828198e-01 1.551860320e-03
5.583828198e-01 1.513386563e-03
5.588828198e-01 1.558509487e-03
5.593828198e-01 1.399810338e-03
5.598828198e-01 1.677039281e-03
5.603828198e-01 1.536838599e-03
5.608828198e-01 1.538192574e-03
5.613828198e-01 1.529431640e-03
5.618828198e-01 1.437640997e-03
5.623828198e-01 1.550631974e-03
5.628828198e-01 1.809994702e-03
5.633828198e-01 1.813715615e-03
5.638828198e-01 1.773432487e-03
5.643828198e-01 1.707004710e-03
5.648828198e-01 1.508290590e-03
5.653828198e-01 1.424686110e-03
5.658828198e-01 1.724516068e-03
5.663828198e-01 1.650224823e-03
5.668828198e-01 1.660090880e-03
5.673828198e-01 1.528941725e-03
5.678828198e-01 1.782013485e-03
5.683828198e-01 1.653221825e-03
5.688828198e-01 1.369478142e-03
5.693828198e-01 1.588778060e-03
5.698828198e-01 1.612436067e-03
5.703828198e-01 1.457751797e-03
5.708828198e-01 1.449672397e-03
5.713828198e-01 1.678316026e-03
5.718828198e-01 1.651761536e-03
5.723828198e-01 1.434618660e-03
5.728828198e-01 1.664735357e-03
5.733828198e-01 1.849791522e-03
5.738828198e-01 1.594109106e-03
5.743828198e-01 1.369282928e-03
5.748828198e-01 1.395574127e-03
5.753828198e-01 1.417054820e-03
5.758828198e-01 1.551962110e-03
5.763828198e-01 1.579541415e-03
5.768828198e-01 1.592195289e-03
5.773828198e-01 1.635246034e-03
5.778828198e-01 1.775750396e-03
5.783828198e-01 1.547701062e-03
5.788828198e-01 1.594406764e-03
5.793828198e-01 1.694562028e-03
5.798828198e-01 1.400018928e-03
5.803828198e-01 1.747944504e-03
5.808828198e-01 1.764429265e-03
5.813828198e-01 1.769650083e-03
5.818828198e-01 1.543218357e-03
5.823828198e-01 1.569503100e-03
5.828828198e-01 1.443508670e-03
5.833828198e-01 1.470082596e-03
5.838828198e-01 1.367509551e-03
5.843828198e-01 1.457705297e-03
5.848828198e-01 1.703512979e-03
5.853828198e-01 1.624531763e-03
5.858828198e-01 1.559977042e-03
5.863828198e-01 1.797639112e-03
5.868828198e-01 1.447235294e-03
5.873828198e-01 1.856059836e-03
5.878828198e-01 1.376512765e-03
5.883828198e-01 1.756159363e-03
5.888828198e-01 1.849973769e-03
5.893828198e-01 1.614677966e-03
5.898828198e-01 1.769432052e-03
5.903828198e-01 1.389471306e-03
5.908828198e-01 1.675589826e-03
5.913828198e-01 1.465184816e-03
5.918828198e-01 1.612736971e-03
5.923828198e-01 1.411442945e-03
5.928828198e-01 1.744022241e-03
5.933828198e-01 1.532012303e-03
5.938828198e-01 1.602602470e-03
5.943828198e-01 1.481820977e-03
5.948828198e-01 1.369899795e-03
5.953828198e-01 1.645880337e-03
5.958828198e-01 1.372957878e-03
5.963828198e-01 1.777454896e-03
5.968828198e-01 1.558589679e-03
5.973828198e-01 1.559168899e-03
5.978828198e-01 1.489884048e-03
5.983828198e-01 1.644957771e-03
5.988828198e-01 1.672044270e-03
5.993828198e-01 1.500119710e-03
5.998828198e-01 1.745322496e-03
6.003828198e-01 1.518149977e-03
6.008828198e-01 1.767177484e-03
6.013828198e-01 1.447758815e-03
6.018828198e-01 1.458181614e-03
6.023828198e-01 1.856738533e-03
6.028828198e-01 1.446077619e-03
6.033828198e-01 1.476886542e-03
6.038828198e-01 1.755023237e-03
6.043828198e-01 1.438109891e-03
6.048828198e-01 1.733556153e-03
6.053828198e-01 1.666380060e-03
6.058828198e-01 1.469439075e-03
6.063828198e-01 1.550936948e-03
6.068828198e-01 1.773288918e-03
6.073828198e-01 1.723833143e-03
6.078828198e-01 1.603970029e-03
6.083828198e-01 1.658834314e-03
6.088828198e-01 1.397301604e-03
6.093828198e-01 1.847961642e-03
6.098828198e-01 1.781977401e-03
6.103828198e-01 1.408456459e-03
6.108828198e-01 1.635029971e-03
6.113828198e-01 1.796056187e-03
6.118828198e-01 1.826965160e-03
6.123828198e-01 1.834606334e-03
6.128828198e-01 1.496144632e-03
6.133828198e-01 1.457701598e-03
6.138828198e-01 1.620349322e-03
6.143828198e-01 1.808906928e-03
6.148828198e-01 1.598472125e-03
6.153828198e-01 1.506255409e-03
6.158828198e-01 1.467573253e-03
6.163828198e-01 1.506098694e-03
6.168828198e-01 1.594396030e-03
6.173828198e-01 1.566069376e-03
6.178828198e-01 1.503084423e-03
6.183828198e-01 1.680653512e-03
6.188828198e-01 1.683068431e-03
6.193828198e-01 1.398152806e-03
6.198828198e-01 1.758741163e-03
6.203828198e-01 1.556534942e-03
6.208828198e-01 1.704375802e-03
6.213828198e-01 1.367955736e-03
6.218828198e-01 1.747179932e-03
6.223828198e-01 1.617305288e-03
6.228828198e-01 1.731361956e-03
6.233828198e-01 1.490655529e-03
6.238828198e-01 1.415577642e-03
6.243828198e-01 1.768034056e-03
6.248828198e-01 1.477920103e-03
6.253828198e-01 1.836790396e-03
6.258828198e-01 1.815658270e-03
6.263828198e-01 1.752050214e-03
6.268828198e-01 1.771879088e-03
6.273828198e-01 1.781588284e-03
6.278828198e-01 1.725553733e-03
6.283828198e-01 1.406853217e-03
6.288828198e-01 1.378051675e-03
6.293828198e-01 1.484597125e-03
6.298828198e-01 1.854386476e-03
6.303828198e-01 1.615082371e-03
6.308828198e-01 1.629343329e-03
6.313828198e-01 1.460382730e-03
6.318828198e-01 1.759536255e-03
6.323828198e-01 1.862026719e-03
6.328828198e-01 1.664671619e-03
6.333828198e-01 1.400772325e-03
6.338828198e-01 1.680763995e-03
6.343828198e-01 1.485755913e-03
6.348828198e-01 1.436873075e-03
6.353828198e-01 1.577385165e-03
6.358828198e-01 1.680102907e-03
6.363828198e-01 1.778992957e-03
6.368828198e-01 1.583016991e-03
6.373828198e-01 1.564890920e-03
6.378828198e-01 1.533838300e-03
6.383828198e-01 1.451850957e-03
6.388828198e-01 1.692950398e-03
6.393828198e-01 1.586751810e-03
6.398828198e-01 1.857152784e-03
6.403828198e-01 1.808070155e-03
6.408828198e-01 1.560673727e-03
6.413828198e-01 1.809874422e-03
6.418828198e-01 1.697115568e-03
6.423828198e-01 1.469479825e-03
6.428828198e-01 1.728321511e-03
6.433828198e-01 1.559459881e-03
6.438828198e-01 1.513055382e-03
6.443828198e-01 1.743027266e-03
6.448828198e-01 1.680642808e-03
6.453828198e-01 1.503959364e-03
6.458828198e-01 1.494558829e-03
6.463828198e-01 1.446366998e-03
6.468828198e-01 1.600654605e-03
6.473828198e-01 1.390339228e-03
6.478828198e-01 1.444569474e-03
6.483828198e-01 1.401433577e-03
6.488828198e-01 1.427150485e-03
6.493828198e-01 1.761303961e-03
6.498828198e-01 1.523091524e-03
6.503828198e-01 1.499857118e-03
6.508828198e-01 1.474454190e-03
6.513828198e-01 1.838890982e-03
6.518828198e-01 1.414478096e-03
6.523828198e-01 1.693030653e-03
6.528828198e-01 1.539272808e-03
6.533828198e-01 1.583738718e-03
6.538828198e-01 1.780235329e-03
6.543828198e-01 1.367508304e-03
6.548828198e-01 1.805706987e-03
6.553828198e-01 1.772535914e-03
6.558828198e-01 1.810657586e-03
6.563828198e-01 1.501391146e-03
6.568828198e-01 1.717352057e-03
6.573828198e-01 1.642646145e-03
6.578828198e-01 1.605675216e-03
6.583828198e-01 1.580409046e-03
6.588828198e-01 1.836772721e-03
6.593828198e-01 1.753328490e-03
6.598828198e-01 1.457965383e-03
6.603828198e-01 1.651875762e-03
6.608828198e-01 1.391679230e-03
6.613828198e-01 1.586846713e-03
6.618828198e-01 1.732496367e-03
6.623828198e-01 1.626518531e-03
6.628828198e-01 1.611301708e-03
6.633828198e-01 1.811112660e-03
6.638828198e-01 1.661929961e-03
6.643828198e-01 1.672361061e-03
6.648828198e-01 1.706256486e-03
6.653828198e-01 1.818792329e-03
6.658828198e-01 1.805919984e-03
6.663828198e-01 1.814343424e-03
6.668828198e-01 1.791246983e-03
6.673828198e-01 1.853892659e-03
6.678828198e-01 1.640799542e-03
6.683828198e-01 1.463876126e-03
6.688828198e-01 1.570918563e-03
6.693828198e-01 1.554252890e-03
6.698828198e-01 1.464533264e-03
6.703828198e-01 1.509705180e-03
6.708828198e-01 1.459799212e-03
6.713828198e-01 1.408132018e-03
6.718828198e-01 1.643968236e-03
6.723828198e-01 1.809953901e-03
6.728828198e-01 1.683511500e-03
6.733828198e-01 1.382307475e-03
6.738828198e-01 1.522957638e-03
6.743828198e-01 1.652809561e-03
6.748828198e-01 1.768091938e-03
6.753828198e-01 1.613309606e-03
6.758828198e-01 1.437002502e-03
6.763828198e-01 1.792018924e-03
6.768828198e-01 1.832334632e-03
6.773828198e-01 1.801607722e-03
6.778828198e-01 1.550576828e-03
6.783828198e-01 1.575606216e-03
6.788828198e-01 1.744620742e-03
6.793828198e-01 1.844337615e-03
6.798828198e-01 1.379728549e-03
6.803828198e-01 1.582568930e-03
6.808828198e-01 1.794752055e-03
6.813828198e-01 1.817201037e-03
6.818828198e-01 1.528395231e-03
6.823828198e-01 1.717412270e-03
6.828828198e-01 1.802437265e-03
6.833828198e-01 1.800468660e-03
6.838828198e-01 1.812492584e-03
6.843828198e-01 1.504490296e-03
6.848828198e-01 1.485786281e-03
6.853828198e-01 1.408020822e-03
6.858828198e-01 1.645120677e-03
6.863828198e-01 1.576440900e-03
6.868828198e-01 1.446938436e-03
6.873828198e-01 1.419804679e-03
6.878828198e-01 1.517040718e-03
6.883828198e-01 1.761025987e-03
6.888828198e-01 1.432618320e-03
6.893828198e-01 1.670434618e-03
6.898828198e-01 1.544201887e-03
6.903828198e-01 1.831006656e-03
6.908828198e-01 1.413970661e-03
6.913828198e-01 1.611360849e-03
6.918828198e-01 1.753112042e-03
6.923828198e-01 1.376321740e-03
6.928828198e-01 1.542914984e-03
6.933828198e-01 1.433565230e-03
6.938828198e-01 1.581734245e-03
6.943828198e-01 1.417271925e-03
6.948828198e-01 1.407568936e-03
6.953828198e-01 1.591058759e-03
6.958828198e-01 1.629366674e-03
6.963828198e-01 1.831776645e-03
6.968828198e-01 1.537645267e-03
6.973828198e-01 1.787077174e-03
6.978828198e-01 1.678433965e-03
6.983828198e-01 1.469257342e-03
6.988828198e-01 1.716650387e-03
6.993828198e-01 1.619960824e-03
6.998828198e-01 1.602711620e-03
7.003828198e-01 1.831330336e-03
7.008828198e-01 1.656804983e-03
7.013828198e-01 1.376585282e-03
7.018828198e-01 1.536453851e-03
7.023828198e-01 1.732355645e-03
7.028828198e-01 1.424931781e-03
7.033828198e-01 1.681965963e-03
7.038828198e-01 1.621782581e-03
7.043828198e-01 1.485880587e-03
7.048828198e-01 1.480660584e-03
7.053828198e-01 1.794173971e-03
7.058828198e-01 1.445006226e-03
7.063828198e-01 1.522679691e-03
7.068828198e-01 1.533512708e-03
7.073828198e-01 1.826025580e-03
7.078828198e-01 1.526838150e-03
7.083828198e-01 1.704193797e-03
7.088828198e-01 1.387286283e-03
7.093828198e-01 1.736197217e-03
7.098828198e-01 1.749019874e-03
7.103828198e-01 1.422338682e-03
7.108828198e-01 1.454668731e-03
7.113828198e-01 1.505728578e-03
7.118828198e-01 1.381386612e-03
7.123828198e-01 1.619514519e-03
7.128828198e-01 1.419935490e-03
7.133828198e-01 1.686879514e-03
7.138828198e-01 1.715759977e-03
7.143828198e-01 1.763503155e-03
7.148828198e-01 1.433686757e-03
7.153828198e-01 1.445247140e-03
7.158828198e-01 1.721538137e-03
7.163828198e-01 1.717125472e-03
7.168828198e-01 1.448395219e-03
7.173828198e-01 1.384483833e-03
7.178828198e-01 1.575901991e-03
7.183828198e-01 1.499676884e-03
7.188828198e-01 1.692728671e-03
7.193828198e-01 1.823892419e-03
7.198828198e-01 1.611694270e-03
7.203828198e-01 1.799454989e-03
7.208828198e-01 1.744061039e-03
7.213828198e-01 1.682624041e-03
7.218828198e-01 1.447987101e-03
7.223828198e-01 1.403355027e-03
7.228828198e-01 1.634359740e-03
7.233828198e-01 1.600464191e-03
7.238828198e-01 1.733116564e-03
7.243828198e-01 1.647142546e-03
7.248828198e-01 1.462086694e-03
7.253828198e-01 1.607490469e-03
7.258828198e-01 1.694763985e-03
7.263828198e-01 1.541966887e-03
7.268828198e-01 1.738359197e-03
7.273828198e-01 1.701219416e-03
7.278828198e-01 1.786478873e-03
7.283828198e-01 1.783220785e-03
7.288828198e-01 1.512953638e-03
7.293828198e-01 1.627022152e-03
7.298828198e-01 1.671435814e-03
7.303828198e-01 1.571280823e-03
7.308828198e-01 1.696838255e-03
7.313828198e-01 1.517471430e-03
7.318828198e-01 1.412832270e-03
7.323828198e-01 1.769587928e-03
7.328828198e-01 1.526238176e-03
7.333828198e-01 1.612945613e-03
7.338828198e-01 1.393404583e-03
7.343828198e-01 1.843035020e-03
7.348828198e-01 1.560834588e-03
7.353828198e-01 1.629023772e-03
7.358828198e-01 1.766343272e-03
7.363828198e-01 1.428677214e-03
7.368828198e-01 1.435357706e-03
7.373828198e-01 1.837968553e-03
7.378828198e-01 1.455598688e-03
7.383828198e-01 1.693212142e-03
7.388828198e-01 1.561855668e-03
7.393828198e-01 1.812066387e-03
7.398828198e-01 1.463634013e-03
7.403828198e-01 1.647149859e-03
7.408828198e-01 1.542692505e-03
7.413828198e-01 1.781461780e-03
7.418828198e-01 1.812108642e-03
7.423828198e-01 1.403971693e-03
7.428828198e-01 1.605529262e-03
7.433828198e-01 1.721363638e-03
7.438828198e-01 1.809896638e-03
7.443828198e-01 1.741115078e-03
7.448828198e-01 1.470945966e-03
7.453828198e-01 1.603820607e-03
7.458828198e-01 1.434812016e-03
7.463828198e-01 1.790128277e-03
7.468828198e-01 1.743564015e-03
7.473828198e-01 1.469844167e-03
7.478828198e-01 1.681843968e-03
7.483828198e-01 1.391857817e-03
7.488828198e-01 1.704773252e-03
7.493828198e-01 1.697159848e-03
7.498828198e-01 1.856731939e-03
7.503828198e-01 1.387374728e-03
7.508828198e-01 1.447878276e-03
7.513828198e-01 1.744697614e-03
7.518828198e-01 1.437602074e-03
7.523828198e-01 1.504713823e-03
7.528828198e-01 1.704071699e-03
7.533828198e-01 1.514533963e-03
7.538828198e-01 1.819186818e-03
7.543828198e-01 1.387115851e-03
7.548828198e-01 1.447716447e-03
7.553828198e-01 1.403864520e-03
7.558828198e-01 1.655236973e-03
7.563828198e-01 1.611307770e-03
7.568828198e-01 1.806152653e-03
7.573828198e-01 1.588099483e-03
7.578828198e-01 1.635960827e-03
7.583828198e-01 1.532290756e-03
7.588828198e-01 1.429999419e-03
7.593828198e-01 1.566321200e-03
7.598828198e-01 1.393796988e-03
7.603828198e-01 1.521263938e-03
7.608828198e-01 1.790387740e-03
7.613828198e-01 1.448782296e-03
7.618828198e-01 1.431492848e-03
7.623828198e-01 1.653979709e-03
7.628828198e-01 1.538581719e-03
7.633828198e-01 1.733219354e-03
7.638828198e-01 1.665647326e-03
7.643828198e-01 1.863092013e-03
7.648828198e-01 1.550043468e-03
7.653828198e-01 1.641970736e-03
7.658828198e-01 1.869985397e-03
7.663828198e-01 1.617367564e-03
7.668828198e-01 1.506041317e-03
7.673828198e-01 1.426887562e-03
7.678828198e-01 1.741308586e-03
7.683828198e-01 1.829267301e-03
7.688828198e-01 1.560502879e-03
7.693828198e-01 1.679503804e-03
7.698828198e-01 1.835318581e-03
7.703828198e-01 1.627081764e-03
7.708828198e-01 1.702157752e-03
7.713828198e-01 1.609271951e-03
7.718828198e-01 1.857032880e-03
7.723828198e-01 1.626880682e-03
7.728828198e-01 1.815868622e-03
7.733828198e-01 1.611417786e-03
7.738828198e-01 1.777522389e-03
7.743828198e-01 1.864145844e-03
7.748828198e-01 1.795943621e-03
7.753828198e-01 1.789450824e-03
7.758828198e-01 1.503468023e-03
7.763828198e-01 1.704316375e-03
7.768828198e-01 1.856144888e-03
7.773828198e-01 1.552799373e-03
7.778828198e-01 1.476061299e-03
7.783828198e-01 1.512418517e-03
7.788828198e-01 1.403637312e-03
7.793828198e-01 1.759253866e-03
7.798828198e-01 1.492982407e-03
7.803828198e-01 1.571079273e-03
7.808828198e-01 1.518549691e-03
7.813828198e-01 1.480219470e-03
7.818828198e-01 1.805625059e-03
7.823828198e-01 1.641695768e-03
7.828828198e-01 1.524138309e-03
7.833828198e-01 1.663891420e-03
7.838828198e-01 1.587847321e-03
7.843828198e-01 1.701451899e-03
7.848828198e-01 1.460132373e-03
7.853828198e-01 1.539829470e-03
7.858828198e-01 1.445123629e-03
7.863828198e-01 1.778806471e-03
7.868828198e-01 1.765544125e-03
7.873828198e-01 1.418525553e-03
7.878828198e-01 1.521982517e-03
7.883828198e-01 1.697634412e-03
7.888828198e-01 1.646091283e-03
7.893828198e-01 1.415579110e-03
7.898828198e-01 1.677780701e-03
7.903828198e-01 1.557961570e-03
7.908828198e-01 1.820882801e-03
7.913828198e-01 1.797027771e-03
7.918828198e-01 1.877983153e-03
7.923828198e-01 1.792659038e-03
7.928828198e-01 1.465384615e-03
7.933828198e-01 1.469528025e-03
7.938828198e-01 1.420487210e-03
7.943828198e-01 1.484357643e-03
7.948828198e-01 1.844043649e-03
7.953828198e-01 1.528657397e-03
7.958828198e-01 1.670550698e-03
7.963828198e-01 1.477633104e-03
7.968828198e-01 1.623842593e-03
7.973828198e-01 1.591067426e-03
7.978828198e-01 1.734146463e-03
7.983828198e-01 1.762724396e-03
7.988828198e-01 1.869628222e-03
7.993828198e-01 1.436589023e-03
7.998828198e-01 1.578697376e-03
8.003828198e-01 1.444207499e-03
8.008828198e-01 1.590791199e-03
8.013828198e-01 1.638119494e-03
8.018828198e-01 1.837238222e-03
8.023828198e-01 1.470485320e-03
8.028828198e-01 1.670720766e-03
8.033828198e-01 1.473222160e-03
8.038828198e-01 1.782046836e-03
8.043828198e-01 1.430664815e-03
8.048828198e-01 1.502579680e-03
8.053828198e-01 1.573531568e-03
8.058828198e-01 1.602256020e-03
8.063828198e-01 1.437017698e-03
8.068828198e-01 1.484040120e-03
8.073828198e-01 1.593645495e-03
8.078828198e-01 1.843008582e-03
8.083828198e-01 1.562682082e-03
8.088828198e-01 1.676356350e-03
8.093828198e-01 1.876604084e-03
8.098828198e-01 1.660073460e-03
8.103828198e-01 1.633359156e-03
8.108828198e-01 1.518146040e-03
8.113828198e-01 1.443434099e-03
8.118828198e-01 1.723727564e-03
8.123828198e-01 1.754649278e-03
8.128828198e-01 1.647087491e-03
8.133828198e-01 1.570385295e-03
8.138828198e-01 1.629810222e-03
8.143828198e-01 1.629077523e-03
8.148828198e-01 1.619261369e-03
8.153828198e-01 1.820719871e-03
8.158828198e-01 1.685422496e-03
8.163828198e-01 1.822115222e-03
8.168828198e-01 1.570827179e-03
8.173828198e-01 1.634573672e-03
8.178828198e-01 1.404438616e-03
8.183828198e-01 1.853311118e-03
8.188828198e-01 1.719484086e-03
8.193828198e-01 1.798098764e-03
8.198828198e-01 1.395514285e-03
8.203828198e-01 1.833527137e-03
8.208828198e-01 1.483018702e-03
8.213828198e-01 1.609083653e-03
8.218828198e-01 1.881783141e-03
8.223828198e-01 1.578222067e-03
8.228828198e-01 1.813817312e-03
8.233828198e-01 1.835804783e-03
8.238828198e-01 1.751842086e-03
8.243828198e-01 1.601036456e-03
8.248828198e-01 1.823196498e-03
8.253828198e-01 1.522627994e-03
8.258828198e-01 1.845032856e-03
8.263828198e-01 1.451904557e-03
8.268828198e-01 1.576548868e-03
8.273828198e-01 1.679171930e-03
8.278828198e-01 1.816890060e-03
8.283828198e-01 1.833897279e-03
8.288828198e-01 1.859742818e-03
8.293828198e-01 1.556810530e-03
8.298828198e-01 1.573009683e-03
8.303828198e-01 1.588963680e-03
8.308828198e-01 1.487414487e-03
8.313828198e-01 1.868240838e-03
8.318828198e-01 1.520812113e-03
8.323828198e-01 1.667899409e-03
8.328828198e-01 1.612396765e-03
8.333828198e-01 1.534757475e-03
8.338828198e-01 1.630641743e-03
8.343828198e-01 1.441236517e-03
8.348828198e-01 1.442136335e-03
8.353828198e-01 1.635360534e-03
8.358828198e-01 1.883892547e-03
8.363828198e-01 1.534208299e-03
8.368828198e-01 1.853421798e-03
8.373828198e-01 1.874577627e-03
8.378828198e-01 1.721256611e-03
8.383828198e-01 1.775989641e-03
8.388828198e-01 1.819057208e-03
8.393828198e-01 1.581697741e-03
8.398828198e-01 1.485549366e-03
8.403828198e-01 1.750701179e-03
8.408828198e-01 1.712697393e-03
8.413828198e-01 1.438878043e-03
8.418828198e-01 1.810825701e-03
8.423828198e-01 1.397390348e-03
8.428828198e-01 1.726118162e-03
8.433828198e-01 1.735708032e-03
8.438828198e-01 1.839203959e-03
8.443828198e-01 1.693701353e-03
8.448828198e-01 1.400282954e-03
8.453828198e-01 1.519902035e-03
8.458828198e-01 1.890277405e-03
8.463828198e-01 1.495233771e-03
8.468828198e-01 1.495603141e-03
8.473828198e-01 1.518473703e-03
8.478828198e-01 1.770441262e-03
8.483828198e-01 1.715231863e-03
8.488828198e-01 1.660386991e-03
8.493828198e-01 1.508162653e-03
8.498828198e-01 1.763471842e-03
8.503828198e-01 1.709450581e-03
8.508828198e-01 1.750374215e-03
8.513828198e-01 1.754139170e-03
8.518828198e-01 1.850357394e-03
8.523828198e-01 1.710418237e-03
8.528828198e-01 1.735262711e-03
8.533828198e-01 1.678083589e-03
8.538828198e-01 1.592801111e-03
8.543828198e-01 1.660636780e-03
8.548828198e-01 1.866021800e-03
8.553828198e-01 1.684514533e-03
8.558828198e-01 1.517425582e-03
8.563828198e-01 1.684730361e-03
8.568828198e-01 1.729327269e-03
8.573828198e-01 1.434109480e-03
8.578828198e-01 1.687902391e-03
8.583828198e-01 1.561150575e-03
8.588828198e-01 1.775446098e-03
8.593828198e-01 1.632658357e-03
8.598828198e-01 1.860327336e-03
8.603828198e-01 1.781127841e-03
8.608828198e-01 1.757882539e-03
8.613828198e-01 1.855850226e-03
8.618828198e-01 1.881530415e-03
8.623828198e-01 1.858577780e-03
8.628828198e-01 1.479339305e-03
8.633828198e-01 1.756910307e-03
8.638828198e-01 1.678671508e-03
8.643828198e-01 1.744511374e-03
8.648828198e-01 1.869781232e-03
8.653828198e-01 1.546774793e-03
8.658828198e-01 1.558516550e-03
8.663828198e-01 1.724633172e-03
8.668828198e-01 1.405314798e-03
8.673828198e-01 1.513197867e-03
8.678828198e-01 1.539298399e-03
8.683828198e-01 1.744747546e-03
8.688828198e-01 1.795374519e-03
8.693828198e-01 1.736115578e-03
8.698828198e-01 1.509323379e-03
8.703828198e-01 1.765258335e-03
8.708828198e-01 1.524415070e-03
8.713828198e-01 1.630456841e-03
8.718828198e-01 1.553619477e-03
8.723828198e-01 1.857296000e-03
8.728828198e-01 1.668042841e-03
8.733828198e-01 1.844921225e-03
8.738828198e-01 1.521768749e-03
8.743828198e-01 1.546733910e-03
8.748828198e-01 1.580747327e-03
8.753828198e-01 1.485186585e-03
8.758828198e-01 1.430874983e-03
8.763828198e-01 1.441565811e-03
8.768828198e-01 1.443895448e-03
8.773828198e-01 1.415186704e-03
8.778828198e-01 1.402847547e-03
8.783828198e-01 1.525861336e-03
8.788828198e-01 1.774646203e-03
8.793828198e-01 1.683990832e-03
8.798828198e-01 1.872767054e-03
8.803828198e-01 1.746744321e-03
8.808828198e-01 1.833005035e-03
8.813828198e-01 1.533445516e-03
8.818828198e-01 1.573461886e-03
8.823828198e-01 1.840326686e-03
8.828828198e-01 1.648572675e-03
8.833828198e-01 1.714611996e-03
8.838828198e-01 1.686848340e-03
8.843828198e-01 1.545643677e-03
8.848828198e-01 1.552346412e-03
8.853828198e-01 1.797712890e-03
8.858828198e-01 1.412365496e-03
8.863828198e-01 1.678147257e-03
8.868828198e-01 1.529477777e-03
8.873828198e-01 1.567215268e-03
8.878828198e-01 1.636595779e-03
8.883828198e-01 1.798595348e-03
8.888828198e-01 1.513133408e-03
8.893828198e-01 1.759283609e-03
8.898828198e-01 1.446170482e-03
8.903828198e-01 1.694644082e-03
8.908828198e-01 1.845155642e-03
8.913828198e-01 1.477652992e-03
8.918828198e-01 1.736739480e-03
8.923828198e-01 1.889502713e-03
8.928828198e-01 1.493213337e-03
8.933828198e-01 1.739882662e-03
8.938828198e-01 1.515581660e-03
8.943828198e-01 1.867999102e-03
8.948828198e-01 1.523934989e-03
8.953828198e-01 1.488332118e-03
8.958828198e-01 1.714648717e-03
8.963828198e-01 1.456767186e-03
8.968828198e-01 1.621526642e-03
8.973828198e-01 1.887781438e-03
8.978828198e-01 1.896686510e-03
8.983828198e-01 1.869613739e-03
8.988828198e-01 1.701829616e-03
8.993828198e-01 1.682892773e-03
8.998828198e-01 1.514537058e-03
9.003828198e-01 1.853377368e-03
9.008828198e-01 1.579728679e-03
9.013828198e-01 1.525947225e-03
9.018828198e-01 1.630490930e-03
9.023828198e-01 1.708094375e-03
9.028828198e-01 1.691972002e-03
9.033828198e-01 1.865817789e-03
9.038828198e-01 1.605342351e-03
9.043828198e-01 1.803679566e-03
9.048828198e-01 1.723597059e-03
9.053828198e-01 1.649929978e-03
9.058828198e-01 1.596662256e-03
9.063828198e-01 1.667012750e-03
9.068828198e-01 1.725764440e-03
9.073828198e-01 1.431504605e-03
9.078828198e-01 1.654539711e-03
9.083828198e-01 1.816923380e-03
9.088828198e-01 1.769254205e-03
9.093828198e-01 1.767909621e-03
9.098828198e-01 1.782632026e-03
9.103828198e-01 1.890820007e-03
9.108828198e-01 1.853793802e-03
9.113828198e-01 1.594754033e-03
9.118828198e-01 1.444981689e-03
9.123828198e-01 1.572636125e-03
9.128828198e-01 1.579772315e-03
9.133828198e-01 1.438826185e-03
9.138828198e-01 1.539328970e-03
9.143828198e-01 1.878602137e-03
9.148828198e-01 1.718640240e-03
9.153828198e-01 1.650708366e-03
9.158828198e-01 1.828742877e-03
9.163828198e-01 1.895053305e-03
9.168828198e-01 1.773260968e-03
9.173828198e-01 1.555760154e-03
9.178828198e-01 1.699594974e-03
9.183828198e-01 1.561601191e-03
9.188828198e-01 1.517867069e-03
9.193828198e-01 1.901147335e-03
9.198828198e-01 1.461411628e-03
9.203828198e-01 1.837515840e-03
9.208828198e-01 1.647049843e-03
9.213828198e-01 1.653967213e-03
9.218828198e-01 1.600342694e-03
9.223828198e-01 1.468549142e-03
9.228828198e-01 1.681127408e-03
9.233828198e-01 1.850458707e-03
9.238828198e-01 1.880969513e-03
9.243828198e-01 1.545799271e-03
9.248828198e-01 1.713706632e-03
9.253828198e-01 1.758860467e-03
9.258828198e-01 1.531798810e-03
9.263828198e-01 1.662600547e-03
9.268828198e-01 1.448635173e-03
9.273828198e-01 1.571721709e-03
9.278828198e-01 1.830098399e-03
9.283828198e-01 1.623189709e-03
9.288828198e-01 1.605250587e-03
9.293828198e-01 1.464050513e-03
9.298828198e-01 1.596335419e-03
9.303828198e-01 1.418354809e-03
9.308828198e-01 1.709143246e-03
9.313828198e-01 1.519383027e-03
9.318828198e-01 1.907633189e-03
9.323828198e-01 1.576549608e-03
9.328828198e-01 1.669208874e-03
9.333828198e-01 1.701214134e-03
9.338828198e-01 1.732057026e-03
9.343828198e-01 1.780902403e-03
9.348828198e-01 1.696108141e-03
9.353828198e-01 1.787135517e-03
9.358828198e-01 1.712005274e-03
9.363828198e-01 1.436665162e-03
9.368828198e-01 1.534530032e-03
9.373828198e-01 1.905695374e-03
9.378828198e-01 1.498481791e-03
9.383828198e-01 1.808844986e-03
9.388828198e-01 1.849261664e-03
9.393828198e-01 1.472478903e-03
9.398828198e-01 1.447591851e-03
9.403828198e-01 1.655835862e-03
9.408828198e-01 1.824126887e-03
9.413828198e-01 1.572098105e-03
9.418828198e-01 1.411063760e-03
9.423828198e-01 1.865309295e-03
9.428828198e-01 1.736286913e-03
9.433828198e-01 1.833549098e-03
9.438828198e-01 1.580805762e-03
9.443828198e-01 1.433764055e-03
9.448828198e-01 1.889745941e-03
9.453828198e-01 1.769207264e-03
9.458828198e-01 1.444104679e-03
9.463828198e-01 1.690794712e-03
9.468828198e-01 1.880415503e-03
9.473828198e-01 1.443482745e-03
9.478828198e-01 1.859008841e-03
9.483828198e-01 1.641208520e-03
9.488828198e-01 1.736200622e-03
9.493828198e-01 1.682489187e-03
9.498828198e-01 1.513453800e-03
9.503828198e-01 1.523571172e-03
9.508828198e-01 1.560806625e-03
9.513828198e-01 1.816560486e-03
9.518828198e-01 1.551257214e-03
9.523828198e-01 1.686276982e-03
9.528828198e-01 1.813115608e-03
9.533828198e-01 1.640518155e-03
9.538828198e-01 1.585820498e-03
9.543828198e-01 1.752995160e-03
9.548828198e-01 1.703534282e-03
9.553828198e-01 1.623868886e-03
9.558828198e-01 1.499206850e-03
9.563828198e-01 1.617956266e-03
9.568828198e-01 1.786181336e-03
9.573828198e-01 1.500404181e-03
9.578828198e-01 1.573318335e-03
9.583828198e-01 1.612440204e-03
9.588828198e-01 1.423844392e-03
9.593828198e-01 1.743934347e-03
9.598828198e-01 1.635933625e-03
9.603828198e-01 1.903238792e-03
9.608828198e-01 1.602709140e-03
9.613828198e-01 1.669524881e-03
9.618828198e-01 1.683439106e-03
9.623828198e-01 1.572449250e-03
9.628828198e-01 1.702251216e-03
9.633828198e-01 1.631610496e-03
9.638828198e-01 1.802739258e-03
9.643828198e-01 1.527452240e-03
9.648828198e-01 1.903018979e-03
9.653828198e-01 1.905031224e-03
9.658828198e-01 1.639780428e-03
9.663828198e-01 1.552501445e-03
9.668828198e-01 1.810186356e-03
9.673828198e-01 1.779551070e-03
9.678828198e-01 1.827210616e-03
9.683828198e-01 1.711652890e-03
9.688828198e-01 1.508338867e-03
9.693828198e-01 1.501219448e-03
9.698828198e-01 1.552755056e-03
9.703828198e-01 1.799898804e-03
9.708828198e-01 1.713032615e-03
9.713828198e-01 1.639824792e-03
9.718828198e-01 1.505636537e-03
9.723828198e-01 1.586913979e-03
9.728828198e-01 1.727847537e-03
9.733828198e-01 1.666491951e-03
9.738828198e-01 1.786809755e-03
9.743828198e-01 1.739065972e-03
9.748828198e-01 1.497718789e-03
9.753828198e-01 1.509954296e-03
9.758828198e-01 1.729434083e-03
9.763828198e-01 1.687475630e-03
9.768828198e-01 1.766445237e-03
9.773828198e-01 1.499757585e-03
9.778828198e-01 1.846727591e-03
9.783828198e-01 1.555417454e-03
9.788828198e-01 1.718007352e-03
9.793828198e-01 1.736024366e-03
9.798828198e-01 1.669345436e-03
9.803828198e-01 1.707420275e-03
9.808828198e-01 1.727367714e-03
9.813828198e-01 1.895356145e-03
9.818828198e-01 1.846070136e-03
9.823828198e-01 1.623620598e-03
9.828828198e-01 1.760891833e-03
9.833828198e-01 1.759183437e-03
9.838828198e-01 1.421094218e-03
9.843828198e-01 1.854969453e-03
9.848828198e-01 1.846059638e-03
9.853828198e-01 1.559424005e-03
9.858828198e-01 1.740360942e-03
9.863828198e-01 1.644502872e-03
9.868828198e-01 1.784577325e-03
9.873828198e-01 1.831243895e-03
9.878828198e-01 1.816581132e-03
9.883828198e-01 1.597506986e-03
9.888828198e-01 1.582735791e-03
9.893828198e-01 1.688308628e-03
9.898828198e-01 1.421408475e-03
9.903828198e-01 1.665207849e-03
9.908828198e-01 1.782933923e-03
9.913828198e-01 1.735431264e-03
9.918828198e-01 1.437189871e-03
9.923828198e-01 1.633803213e-03
9.928828198e-01 1.819530543e-03
9.933828198e-01 1.868176772e-03
9.938828198e-01 1.773397572e-03
9.943828198e-01 1.621632372e-03
9.948828198e-01 1.688213164e-03
9.953828198e-01 1.526672561e-03
9.958828198e-01 1.912899704e-03
9.963828198e-01 1.499345415e-03
9.968828198e-01 1.505710702e-03
9.973828198e-01 1.842569272e-03
9.978828198e-01 1.706482860e-03
9.983828198e-01 1.850036773e-03
9.988828198e-01 1.685104315e-03
9.993828198e-01 1.710846030e-03
9.998828198e-01 1.788192499e-03
