4
256
2.990779727e-03 2.478556233e-03
6.897029727e-03 1.788354495e-03
1.080327973e-02 4.864883246e-03
1.470952973e-02 1.863224748e-03
1.861577973e-02 4.252392424e-03
2.252202973e-02 3.616045953e-03
2.642827973e-02 4.080218116e-03
3.033452973e-02 4.706298696e-03
3.424077973e-02 1.656602919e-03
3.814702973e-02 1.690535848e-03
4.205327973e-02 1.981803646e-03
4.595952973e-02 3.329631702e-03
4.986577973e-02 3.666577713e-03
5.377202973e-02 1.380246896e-03
5.767827973e-02 2.880295727e-03
6.158452973e-02 3.321873588e-03
6.549077973e-02 1.604805375e-03
6.939702973e-02 3.513502006e-03
7.330327973e-02 1.699659177e-03
7.720952973e-02 2.241016970e-03
8.111577973e-02 1.312208841e-03
8.502202973e-02 5.014905329e-03
8.892827973e-02 1.437339329e-03
9.283452973e-02 4.194075585e-03
9.674077973e-02 4.356104847e-03
1.006470297e-01 4.953276068e-03
1.045532797e-01 2.831574847e-03
1.084595297e-01 3.793689346e-03
1.123657797e-01 4.261847634e-03
1.162720297e-01 2.500191994e-03
1.201782797e-01 2.879455261e-03
1.240845297e-01 1.545093065e-03
1.279907797e-01 2.999096475e-03
1.318970297e-01 2.548248579e-03
1.358032797e-01 2.118087273e-03
1.397095297e-01 2.054617043e-03
1.436157797e-01 4.873280656e-03
1.475220297e-01 4.906898783e-03
1.514282797e-01 1.562865694e-03
1.553345297e-01 1.331439380e-03
1.592407797e-01 1.398595577e-03
1.631470297e-01 2.251684710e-03
1.670532797e-01 3.367690156e-03
1.709595297e-01 3.771395350e-03
1.748657797e-01 2.337755929e-03
1.787720297e-01 4.953411748e-03
1.826782797e-01 1.892045615e-03
1.865845297e-01 2.647188070e-03
1.904907797e-01 3.264889875e-03
1.943970297e-01 2.295529539e-03
1.983032797e-01 3.591627678e-03
2.022095297e-01 3.280118511e-03
2.061157797e-01 2.106801075e-03
2.100220297e-01 3.731178890e-03
2.139282797e-01 2.269750910e-03
2.178345297e-01 5.164306926e-03
2.217407797e-01 3.479199400e-03
2.256470297e-01 3.801912893e-03
2.295532797e-01 3.751925347e-03
2.334595297e-01 2.534567294e-03
2.373657797e-01 5.001465582e-03
2.412720297e-01 1.424080973e-03
2.451782797e-01 2.778199638e-03
2.490845297e-01 2.792439484e-03
2.529907797e-01 2.670044366e-03
2.568970297e-01 3.593588347e-03
2.608032797e-01 3.543943812e-03
2.647095297e-01 2.333547385e-03
2.686157797e-01 3.290293799e-03
2.725220297e-01 3.802449709e-03
2.764282797e-01 2.360209719e-03
2.803345297e-01 3.383694303e-03
2.842407797e-01 4.748520537e-03
2.881470297e-01 4.421866401e-03
2.920532797e-01 1.942385794e-03
2.959595297e-01 1.873151438e-03
2.998657797e-01 4.161731161e-03
3.037720297e-01 2.526711668e-03
3.076782797e-01 3.212196220e-03
3.115845297e-01 2.211803396e-03
3.154907797e-01 3.513248421e-03
3.193970297e-01 1.588155158e-03
3.233032797e-01 4.182076414e-03
3.272095297e-01 4.309776439e-03
3.311157797e-01 4.008632621e-03
3.350220297e-01 5.140696713e-03
3.389282797e-01 4.256272754e-03
3.428345297e-01 2.269590594e-03
3.467407797e-01 3.723936545e-03
3.506470297e-01 2.789092585e-03
3.545532797e-01 3.490869098e-03
3.584595297e-01 3.505429229e-03
3.623657797e-01 2.899015730e-03
3.662720297e-01 4.954475146e-03
3.701782797e-01 4.982838529e-03
3.740845297e-01 4.253592481e-03
3.779907797e-01 3.325907607e-03
3.818970297e-01 3.304187348e-03
3.858032797e-01 1.364104924e-03
3.897095297e-01 1.392725669e-03
3.936157797e-01 1.882719676e-03
3.975220297e-01 2.406204774e-03
4.014282797e-01 3.457866759e-03
4.053345297e-01 1.405992801e-03
4.092407797e-01 1.602378709e-03
4.131470297e-01 4.080364177e-03
4.170532797e-01 1.958809088e-03
4.209595297e-01 4.443327079e-03
4.248657797e-01 1.379594547e-03
4.287720297e-01 3.849324638e-03
4.326782797e-01 1.426749560e-03
4.365845297e-01 3.570260935e-03
4.404907797e-01 4.114445767e-03
4.443970297e-01 4.285339071e-03
4.483032797e-01 2.649846715e-03
4.522095297e-01 2.892433090e-03
4.561157797e-01 4.194934962e-03
4.600220297e-01 1.674562234e-03
4.639282797e-01 3.836259150e-03
4.678345297e-01 2.686398774e-03
4.717407797e-01 3.136972993e-03
4.756470297e-01 2.093736428e-03
4.795532797e-01 4.864225292e-03
4.834595297e-01 4.707924217e-03
4.873657797e-01 1.813434363e-03
4.912720297e-01 4.611823000e-03
4.951782797e-01 3.725811357e-03
4.990845297e-01 3.809421195e-03
5.029907797e-01 2.679373220e-03
5.068970297e-01 3.759061883e-03
5.108032797e-01 3.870824275e-03
5.147095297e-01 3.230301192e-03
5.186157797e-01 4.833004912e-03
5.225220297e-01 2.089708316e-03
5.264282797e-01 3.303089377e-03
5.303345297e-01 5.101706169e-03
5.342407797e-01 4.835921267e-03
5.381470297e-01 3.927272528e-03
5.420532797e-01 4.303681655e-03
5.459595297e-01 4.879937628e-03
5.498657797e-01 2.534291430e-03
5.537720297e-01 4.393896987e-03
5.576782797e-01 3.206934886e-03
5.615845297e-01 1.404993119e-03
5.654907797e-01 3.435010623e-03
5.693970297e-01 4.518323847e-03
5.733032797e-01 2.958485174e-03
5.772095297e-01 2.384270300e-03
5.811157797e-01 4.852975584e-03
5.850220297e-01 1.548097638e-03
5.889282797e-01 3.729785230e-03
5.928345297e-01 2.742326596e-03
5.967407797e-01 2.299972972e-03
6.006470297e-01 3.345409333e-03
6.045532797e-01 2.201158545e-03
6.084595297e-01 2.770073001e-03
6.123657797e-01 2.707154941e-03
6.162720297e-01 4.582648464e-03
6.201782797e-01 5.234677716e-03
6.240845297e-01 4.041215641e-03
6.279907797e-01 3.089650786e-03
6.318970297e-01 3.852944387e-03
6.358032797e-01 2.018460182e-03
6.397095297e-01 2.669098988e-03
6.436157797e-01 4.594844929e-03
6.475220297e-01 3.973239701e-03
6.514282797e-01 2.515742199e-03
6.553345297e-01 4.175199120e-03
6.592407797e-01 2.644440013e-03
6.631470297e-01 1.562845475e-03
6.670532797e-01 3.798051175e-03
6.709595297e-01 3.827387650e-03
6.748657797e-01 4.604889413e-03
6.787720297e-01 1.746372719e-03
6.826782797e-01 3.879506097e-03
6.865845297e-01 2.780262991e-03
6.904907797e-01 4.910796108e-03
6.943970297e-01 1.577326347e-03
6.983032797e-01 3.809602857e-03
7.022095297e-01 4.502074689e-03
7.061157797e-01 1.769459361e-03
7.100220297e-01 2.276654782e-03
7.139282797e-01 1.981148239e-03
7.178345297e-01 2.711908484e-03
7.217407797e-01 4.264018393e-03
7.256470297e-01 2.823738121e-03
7.295532797e-01 4.122888809e-03
7.334595297e-01 1.705305567e-03
7.373657797e-01 2.139992648e-03
7.412720297e-01 4.090645340e-03
7.451782797e-01 4.385321692e-03
7.490845297e-01 3.867914497e-03
7.529907797e-01 2.675080281e-03
7.568970297e-01 5.040990826e-03
7.608032797e-01 5.173689741e-03
7.647095297e-01 1.999817665e-03
7.686157797e-01 3.743588085e-03
7.725220297e-01 2.418253495e-03
7.764282797e-01 4.809551234e-03
7.803345297e-01 5.022024328e-03
7.842407797e-01 2.614555868e-03
7.881470297e-01 3.334268859e-03
7.920532797e-01 3.575536858e-03
7.959595297e-01 1.945027474e-03
7.998657797e-01 3.711929958e-03
8.037720297e-01 2.179536394e-03
8.076782797e-01 3.355487832e-03
8.115845297e-01 3.346126224e-03
8.154907797e-01 2.385964559e-03
8.193970297e-01 1.887393023e-03
8.233032797e-01 2.569952623e-03
8.272095297e-01 2.782873864e-03
8.311157797e-01 2.790944830e-03
8.350220297e-01 3.177443817e-03
8.389282797e-01 4.120570077e-03
8.428345297e-01 1.773944567e-03
8.467407797e-01 4.625855742e-03
8.506470297e-01 2.961323982e-03
8.545532797e-01 2.102805359e-03
8.584595297e-01 1.482592572e-03
8.623657797e-01 1.768151289e-03
8.662720297e-01 5.109995629e-03
8.701782797e-01 3.971811076e-03
8.740845297e-01 3.063969826e-03
8.779907797e-01 4.864907773e-03
8.818970297e-01 3.858854011e-03
8.858032797e-01 3.682821372e-03
8.897095297e-01 3.320709229e-03
8.936157797e-01 4.894999173e-03
8.975220297e-01 3.203441364e-03
9.014282797e-01 3.053228205e-03
9.053345297e-01 2.219474373e-03
9.092407797e-01 5.153303032e-03
9.131470297e-01 5.243780136e-03
9.170532797e-01 2.778937965e-03
9.209595297e-01 3.572838935e-03
9.248657797e-01 2.130341079e-03
9.287720297e-01 4.747117730e-03
9.326782797e-01 1.624823242e-03
9.365845297e-01 3.127828644e-03
9.404907797e-01 5.245447445e-03
9.443970297e-01 2.805125009e-03
9.483032797e-01 4.520462859e-03
9.522095297e-01 2.739312589e-03
9.561157797e-01 4.591147860e-03
9.600220297e-01 3.342769437e-03
9.639282797e-01 3.120649873e-03
9.678345297e-01 3.917551272e-03
9.717407797e-01 4.910294790e-03
9.756470297e-01 3.829059039e-03
9.795532797e-01 4.005148819e-03
9.834595297e-01 5.282850953e-03
9.873657797e-01 3.636608168e-03
9.912720297e-01 2.673910749e-03
9.951782797e-01 3.043167703e-03
9.990845297e-01 3.197257656e-03
