4
3000
2.552132033e-04 1.391423449e-03
5.885465367e-04 1.332526165e-03
9.218798700e-04 1.595056493e-03
1.255213203e-03 1.338914789e-03
1.588546537e-03 1.542790195e-03
1.921879870e-03 1.488488339e-03
2.255213203e-03 1.528097350e-03
2.588546537e-03 1.581522490e-03
2.921879870e-03 1.321281325e-03
3.255213203e-03 1.324176420e-03
3.588546537e-03 1.349030700e-03
3.921879870e-03 1.464044733e-03
4.255213203e-03 1.492796774e-03
4.588546537e-03 1.297695802e-03
4.921879870e-03 1.425699170e-03
5.255213203e-03 1.463379624e-03
5.588546537e-03 1.316855555e-03
5.921879870e-03 1.479730029e-03
6.255213203e-03 1.324947744e-03
6.588546537e-03 1.371142521e-03
6.921879870e-03 1.291883081e-03
7.255213203e-03 1.607845310e-03
7.588546537e-03 1.302558415e-03
7.921879870e-03 1.537798586e-03
8.255213203e-03 1.551623702e-03
8.588546537e-03 1.602580872e-03
8.921879870e-03 1.421527535e-03
9.255213203e-03 1.503626413e-03
9.588546537e-03 1.543574300e-03
9.921879870e-03 1.393244673e-03
1.025521320e-02 1.425606733e-03
1.058854654e-02 1.311739359e-03
1.092187987e-02 1.435812457e-03
1.125521320e-02 1.397338182e-03
1.158854654e-02 1.360629102e-03
1.192187987e-02 1.355210933e-03
1.225521320e-02 1.595734791e-03
1.258854654e-02 1.598601372e-03
1.292187987e-02 1.313241655e-03
1.325521320e-02 1.293490987e-03
1.358854654e-02 1.299219299e-03
1.392187987e-02 1.372013825e-03
1.425521320e-02 1.467243814e-03
1.458854654e-02 1.501690786e-03
1.492187987e-02 1.379350954e-03
1.525521320e-02 1.602550920e-03
1.558854654e-02 1.341311617e-03
1.592187987e-02 1.405747649e-03
1.625521320e-02 1.458455349e-03
1.658854654e-02 1.375733683e-03
1.692187987e-02 1.486331076e-03
1.725521320e-02 1.459745914e-03
1.758854654e-02 1.359619716e-03
1.792187987e-02 1.498230115e-03
1.825521320e-02 1.373518355e-03
1.858854654e-02 1.620517164e-03
1.892187987e-02 1.476717952e-03
1.925521320e-02 1.504252736e-03
1.958854654e-02 1.499983631e-03
1.992187987e-02 1.396098845e-03
2.025521320e-02 1.606603867e-03
2.058854654e-02 1.301330015e-03
2.092187987e-02 1.416877711e-03
2.125521320e-02 1.418089013e-03
2.158854654e-02 1.407640732e-03
2.192187987e-02 1.486445854e-03
2.225521320e-02 1.482205489e-03
2.258854654e-02 1.378914228e-03
2.292187987e-02 1.460552422e-03
2.325521320e-02 1.504252159e-03
2.358854654e-02 1.381176711e-03
2.392187987e-02 1.468509691e-03
2.425521320e-02 1.584970425e-03
2.458854654e-02 1.557091431e-03
2.492187987e-02 1.345504510e-03
2.525521320e-02 1.339591866e-03
2.558854654e-02 1.534879289e-03
2.592187987e-02 1.395352842e-03
2.625521320e-02 1.453842670e-03
2.658854654e-02 1.368470893e-03
2.692187987e-02 1.479522542e-03
2.725521320e-02 1.315242854e-03
2.758854654e-02 1.536585667e-03
2.792187987e-02 1.547477532e-03
2.825521320e-02 1.521774651e-03
2.858854654e-02 1.618372107e-03
2.892187987e-02 1.542895845e-03
2.925521320e-02 1.373360145e-03
2.958854654e-02 1.497458772e-03
2.992187987e-02 1.417679788e-03
3.025521320e-02 1.477559012e-03
3.058854654e-02 1.478795700e-03
3.092187987e-02 1.427042565e-03
3.125521320e-02 1.602435846e-03
3.158854654e-02 1.604850192e-03
3.192187987e-02 1.542615128e-03
3.225521320e-02 1.463446543e-03
3.258854654e-02 1.461586865e-03
3.292187987e-02 1.296026876e-03
3.325521320e-02 1.298462815e-03
3.358854654e-02 1.340269200e-03
3.392187987e-02 1.384933415e-03
3.425521320e-02 1.474668651e-03
3.458854654e-02 1.299568745e-03
3.492187987e-02 1.316320271e-03
3.525521320e-02 1.527768219e-03
3.558854654e-02 1.346721963e-03
3.592187987e-02 1.558727201e-03
3.625521320e-02 1.297281651e-03
3.658854654e-02 1.508024836e-03
3.692187987e-02 1.301291236e-03
3.725521320e-02 1.484196937e-03
3.758854654e-02 1.530626697e-03
3.792187987e-02 1.545202168e-03
3.825521320e-02 1.405632653e-03
3.858854654e-02 1.426325778e-03
3.892187987e-02 1.537464948e-03
3.925521320e-02 1.322385407e-03
3.958854654e-02 1.506842398e-03
3.992187987e-02 1.408713087e-03
4.025521320e-02 1.447154117e-03
4.058854654e-02 1.358123215e-03
4.092187987e-02 1.594530136e-03
4.125521320e-02 1.581184236e-03
4.158854654e-02 1.334179481e-03
4.192187987e-02 1.572966944e-03
4.225521320e-02 1.497352170e-03
4.258854654e-02 1.504478348e-03
4.292187987e-02 1.408038979e-03
4.325521320e-02 1.500163723e-03
4.358854654e-02 1.509692010e-03
4.392187987e-02 1.455025189e-03
4.425521320e-02 1.591780306e-03
4.458854654e-02 1.357676649e-03
4.492187987e-02 1.461209402e-03
4.525521320e-02 1.614682190e-03
4.558854654e-02 1.591992617e-03
4.592187987e-02 1.514445247e-03
4.625521320e-02 1.546556065e-03
4.658854654e-02 1.595720398e-03
4.692187987e-02 1.395548996e-03
4.725521320e-02 1.554225659e-03
4.758854654e-02 1.452928466e-03
4.792187987e-02 1.299152923e-03
4.825521320e-02 1.472371154e-03
4.858854654e-02 1.564803868e-03
4.892187987e-02 1.431687536e-03
4.925521320e-02 1.382677683e-03
4.958854654e-02 1.593330265e-03
4.992187987e-02 1.311303658e-03
5.025521320e-02 1.497463892e-03
5.058854654e-02 1.413190229e-03
5.092187987e-02 1.375432107e-03
5.125521320e-02 1.464631977e-03
5.158854654e-02 1.366978457e-03
5.192187987e-02 1.415514951e-03
5.225521320e-02 1.410134983e-03
5.258854654e-02 1.570166049e-03
5.292187987e-02 1.625794743e-03
5.325521320e-02 1.523941423e-03
5.358854654e-02 1.442729910e-03
5.392187987e-02 1.507852897e-03
5.425521320e-02 1.351298756e-03
5.458854654e-02 1.406808356e-03
5.492187987e-02 1.571127010e-03
5.525521320e-02 1.518071607e-03
5.558854654e-02 1.393686641e-03
5.592187987e-02 1.535281695e-03
5.625521320e-02 1.404644892e-03
5.658854654e-02 1.312336708e-03
5.692187987e-02 1.503062054e-03
5.725521320e-02 1.505553134e-03
5.758854654e-02 1.571887562e-03
5.792187987e-02 1.327948323e-03
5.825521320e-02 1.509963132e-03
5.858854654e-02 1.416148389e-03
5.892187987e-02 1.597941125e-03
5.925521320e-02 1.313472189e-03
5.958854654e-02 1.503946843e-03
5.992187987e-02 1.563024737e-03
6.025521320e-02 1.329828435e-03
6.058854654e-02 1.373095889e-03
6.092187987e-02 1.347866015e-03
6.125521320e-02 1.410210813e-03
6.158854654e-02 1.542644022e-03
6.192187987e-02 1.419726507e-03
6.225521320e-02 1.530573673e-03
6.258854654e-02 1.324259449e-03
6.292187987e-02 1.361338863e-03
6.325521320e-02 1.527780581e-03
6.358854654e-02 1.552912222e-03
6.392187987e-02 1.508745970e-03
6.425521320e-02 1.406943184e-03
6.458854654e-02 1.608819853e-03
6.492187987e-02 1.620129034e-03
6.525521320e-02 1.349277393e-03
6.558854654e-02 1.498064481e-03
6.592187987e-02 1.384954510e-03
6.625521320e-02 1.588997067e-03
6.658854654e-02 1.607113156e-03
6.692187987e-02 1.401660800e-03
6.725521320e-02 1.463061164e-03
6.758854654e-02 1.483634122e-03
6.792187987e-02 1.344481977e-03
6.825521320e-02 1.495242213e-03
6.858854654e-02 1.364462419e-03
6.892187987e-02 1.464794633e-03
6.925521320e-02 1.463980032e-03
6.958854654e-02 1.382030393e-03
6.992187987e-02 1.339469678e-03
7.025521320e-02 1.397698718e-03
7.058854654e-02 1.415851851e-03
7.092187987e-02 1.416524325e-03
7.125521320e-02 1.449489221e-03
7.158854654e-02 1.529952876e-03
7.192187987e-02 1.329690945e-03
7.225521320e-02 1.573037374e-03
7.258854654e-02 1.430980570e-03
7.292187987e-02 1.357703450e-03
7.325521320e-02 1.304761659e-03
7.358854654e-02 1.329112265e-03
7.392187987e-02 1.614265807e-03
7.425521320e-02 1.517123445e-03
7.458854654e-02 1.439636941e-03
7.492187987e-02 1.593299490e-03
7.525521320e-02 1.507431975e-03
7.558854654e-02 1.492392824e-03
7.592187987e-02 1.461474783e-03
7.625521320e-02 1.595796280e-03
7.658854654e-02 1.451431996e-03
7.692187987e-02 1.438595683e-03
7.725521320e-02 1.367430458e-03
7.758854654e-02 1.617765499e-03
7.792187987e-02 1.625467767e-03
7.825521320e-02 1.415116015e-03
7.858854654e-02 1.482843570e-03
7.892187987e-02 1.359731651e-03
7.925521320e-02 1.583011048e-03
7.958854654e-02 1.316556265e-03
7.992187987e-02 1.444793631e-03
8.025521320e-02 1.625477897e-03
8.058854654e-02 1.417217735e-03
8.092187987e-02 1.563573807e-03
8.125521320e-02 1.411562783e-03
8.158854654e-02 1.569566414e-03
8.192187987e-02 1.463018366e-03
8.225521320e-02 1.444044297e-03
8.258854654e-02 1.512026572e-03
8.292187987e-02 1.596720595e-03
8.325521320e-02 1.504434943e-03
8.358854654e-02 1.519440957e-03
8.392187987e-02 1.628451113e-03
8.425521320e-02 1.487951190e-03
8.458854654e-02 1.405780358e-03
8.492187987e-02 1.437269520e-03
8.525521320e-02 1.450397650e-03
8.558854654e-02 1.615658135e-03
8.592187987e-02 1.632073639e-03
8.625521320e-02 1.614249216e-03
8.658854654e-02 1.580463348e-03
8.692187987e-02 1.452480045e-03
8.725521320e-02 1.421784781e-03
8.758854654e-02 1.316799155e-03
8.792187987e-02 1.439116354e-03
8.825521320e-02 1.416088813e-03
8.858854654e-02 1.434050219e-03
8.892187987e-02 1.624060419e-03
8.925521320e-02 1.477886398e-03
8.958854654e-02 1.385759301e-03
8.992187987e-02 1.309280147e-03
9.025521320e-02 1.624642248e-03
9.058854654e-02 1.379831502e-03
9.092187987e-02 1.428390931e-03
9.125521320e-02 1.556741178e-03
9.158854654e-02 1.493218143e-03
9.192187987e-02 1.366413266e-03
9.225521320e-02 1.388180856e-03
9.258854654e-02 1.305649137e-03
9.292187987e-02 1.580125248e-03
9.325521320e-02 1.353218903e-03
9.358854654e-02 1.511700234e-03
9.392187987e-02 1.467814390e-03
9.425521320e-02 1.349883558e-03
9.458854654e-02 1.367830319e-03
9.492187987e-02 1.575072323e-03
9.525521320e-02 1.488595995e-03
9.558854654e-02 1.519636222e-03
9.592187987e-02 1.558770709e-03
9.625521320e-02 1.488675210e-03
9.658854654e-02 1.501856335e-03
9.692187987e-02 1.507170269e-03
9.725521320e-02 1.309056776e-03
9.758854654e-02 1.624841273e-03
9.792187987e-02 1.525134879e-03
9.825521320e-02 1.449303879e-03
9.858854654e-02 1.408692788e-03
9.892187987e-02 1.326913083e-03
9.925521320e-02 1.441057558e-03
9.958854654e-02 1.587571051e-03
9.992187987e-02 1.413629515e-03
1.002552132e-01 1.451260096e-03
1.005885465e-01 1.579767611e-03
1.009218799e-01 1.494313912e-03
1.012552132e-01 1.580469165e-03
1.015885465e-01 1.503958832e-03
1.019218799e-01 1.354947331e-03
1.022552132e-01 1.314262935e-03
1.025885465e-01 1.592818746e-03
1.029218799e-01 1.361240743e-03
1.032552132e-01 1.594997669e-03
1.035885465e-01 1.313279007e-03
1.039218799e-01 1.573480868e-03
1.042552132e-01 1.429983810e-03
1.045885465e-01 1.363632840e-03
1.049218799e-01 1.308413311e-03
1.052552132e-01 1.372123436e-03
1.055885465e-01 1.552594643e-03
1.059218799e-01 1.528380509e-03
1.062552132e-01 1.631190283e-03
1.065885465e-01 1.408197814e-03
1.069218799e-01 1.397129954e-03
1.072552132e-01 1.505218807e-03
1.075885465e-01 1.417411319e-03
1.079218799e-01 1.388759757e-03
1.082552132e-01 1.397107345e-03
1.085885465e-01 1.566767313e-03
1.089218799e-01 1.497469778e-03
1.092552132e-01 1.424002773e-03
1.095885465e-01 1.374438989e-03
1.099218799e-01 1.451620048e-03
1.102552132e-01 1.537509937e-03
1.105885465e-01 1.525541824e-03
1.109218799e-01 1.397862149e-03
1.112552132e-01 1.398263418e-03
1.115885465e-01 1.472415633e-03
1.119218799e-01 1.601524026e-03
1.122552132e-01 1.452878856e-03
1.125885465e-01 1.486311732e-03
1.129218799e-01 1.560607655e-03
1.132552132e-01 1.513682861e-03
1.135885465e-01 1.447504371e-03
1.139218799e-01 1.573380001e-03
1.142552132e-01 1.453288763e-03
1.145885465e-01 1.576911573e-03
1.149218799e-01 1.303067918e-03
1.152552132e-01 1.461055498e-03
1.155885465e-01 1.315020108e-03
1.159218799e-01 1.554945994e-03
1.162552132e-01 1.355351104e-03
1.165885465e-01 1.312090478e-03
1.169218799e-01 1.328988881e-03
1.172552132e-01 1.451624444e-03
1.175885465e-01 1.516417646e-03
1.179218799e-01 1.445473530e-03
1.182552132e-01 1.539422494e-03
1.185885465e-01 1.612528242e-03
1.189218799e-01 1.377875712e-03
1.192552132e-01 1.402492089e-03
1.195885465e-01 1.402095773e-03
1.199218799e-01 1.451177729e-03
1.202552132e-01 1.552940094e-03
1.205885465e-01 1.305065258e-03
1.209218799e-01 1.342144020e-03
1.212552132e-01 1.316191624e-03
1.215885465e-01 1.402016298e-03
1.219218799e-01 1.513212178e-03
1.222552132e-01 1.616333072e-03
1.225885465e-01 1.553477466e-03
1.229218799e-01 1.364737775e-03
1.232552132e-01 1.542119473e-03
1.235885465e-01 1.432303948e-03
1.239218799e-01 1.510683969e-03
1.242552132e-01 1.480572826e-03
1.245885465e-01 1.583964255e-03
1.249218799e-01 1.452598606e-03
1.252552132e-01 1.481941987e-03
1.255885465e-01 1.409952505e-03
1.259218799e-01 1.465849634e-03
1.262552132e-01 1.401750399e-03
1.265885465e-01 1.463464185e-03
1.269218799e-01 1.476065507e-03
1.272552132e-01 1.428829489e-03
1.275885465e-01 1.613143645e-03
1.279218799e-01 1.357169638e-03
1.282552132e-01 1.572287634e-03
1.285885465e-01 1.517182213e-03
1.289218799e-01 1.334278739e-03
1.292552132e-01 1.314708985e-03
1.295885465e-01 1.617518049e-03
1.299218799e-01 1.434183028e-03
1.302552132e-01 1.463659993e-03
1.305885465e-01 1.534862847e-03
1.309218799e-01 1.436951075e-03
1.312552132e-01 1.503471549e-03
1.315885465e-01 1.548686748e-03
1.319218799e-01 1.536564385e-03
1.322552132e-01 1.380912135e-03
1.325885465e-01 1.529212953e-03
1.329218799e-01 1.454199703e-03
1.332552132e-01 1.443105809e-03
1.335885465e-01 1.435419697e-03
1.339218799e-01 1.583888958e-03
1.342552132e-01 1.317806448e-03
1.345885465e-01 1.613307218e-03
1.349218799e-01 1.531799259e-03
1.352552132e-01 1.467649113e-03
1.355885465e-01 1.459124604e-03
1.359218799e-01 1.305591832e-03
1.362552132e-01 1.630636811e-03
1.365885465e-01 1.557977725e-03
1.369218799e-01 1.466123389e-03
1.372552132e-01 1.470401002e-03
1.375885465e-01 1.350470538e-03
1.379218799e-01 1.442894994e-03
1.382552132e-01 1.524496563e-03
1.385885465e-01 1.619648718e-03
1.389218799e-01 1.323599037e-03
1.392552132e-01 1.555595078e-03
1.395885465e-01 1.631142085e-03
1.399218799e-01 1.304532736e-03
1.402552132e-01 1.353158351e-03
1.405885465e-01 1.458146912e-03
1.409218799e-01 1.536038335e-03
1.412552132e-01 1.486716757e-03
1.415885465e-01 1.324857031e-03
1.419218799e-01 1.447928220e-03
1.422552132e-01 1.386448841e-03
1.425885465e-01 1.402234755e-03
1.429218799e-01 1.340237977e-03
1.432552132e-01 1.537043227e-03
1.435885465e-01 1.541699786e-03
1.439218799e-01 1.471981430e-03
1.442552132e-01 1.483887135e-03
1.445885465e-01 1.555759039e-03
1.449218799e-01 1.448172636e-03
1.452552132e-01 1.378534894e-03
1.455885465e-01 1.386221156e-03
1.459218799e-01 1.603408078e-03
1.462552132e-01 1.380202057e-03
1.465885465e-01 1.379564453e-03
1.469218799e-01 1.524056772e-03
1.472552132e-01 1.542294226e-03
1.475885465e-01 1.545898706e-03
1.479218799e-01 1.570425027e-03
1.482552132e-01 1.347718063e-03
1.485885465e-01 1.432888566e-03
1.489218799e-01 1.552531490e-03
1.492552132e-01 1.367072623e-03
1.495885465e-01 1.350870270e-03
1.499218799e-01 1.546024633e-03
1.502552132e-01 1.367254176e-03
1.505885465e-01 1.399641859e-03
1.509218799e-01 1.366415865e-03
1.512552132e-01 1.598834572e-03
1.515885465e-01 1.581865081e-03
1.519218799e-01 1.386743759e-03
1.522552132e-01 1.408864713e-03
1.525885465e-01 1.330380230e-03
1.529218799e-01 1.484342536e-03
1.532552132e-01 1.444431087e-03
1.535885465e-01 1.562716223e-03
1.539218799e-01 1.387966118e-03
1.542552132e-01 1.611634005e-03
1.545885465e-01 1.408455865e-03
1.549218799e-01 1.638875343e-03
1.552552132e-01 1.421587836e-03
1.555885465e-01 1.482069622e-03
1.559218799e-01 1.386806358e-03
1.562552132e-01 1.386670098e-03
1.565885465e-01 1.557243514e-03
1.569218799e-01 1.461306959e-03
1.572552132e-01 1.605627324e-03
1.575885465e-01 1.461069161e-03
1.579218799e-01 1.368701382e-03
1.582552132e-01 1.537512358e-03
1.585885465e-01 1.503544849e-03
1.589218799e-01 1.496311850e-03
1.592552132e-01 1.451396690e-03
1.595885465e-01 1.565267914e-03
1.599218799e-01 1.541796824e-03
1.602552132e-01 1.358666949e-03
1.605885465e-01 1.627065299e-03
1.609218799e-01 1.635946136e-03
1.612552132e-01 1.419554505e-03
1.615885465e-01 1.587002461e-03
1.619218799e-01 1.578878036e-03
1.622552132e-01 1.500662637e-03
1.625885465e-01 1.356862429e-03
1.629218799e-01 1.603551063e-03
1.632552132e-01 1.345928841e-03
1.635885465e-01 1.495514717e-03
1.639218799e-01 1.527119346e-03
1.642552132e-01 1.428044539e-03
1.645885465e-01 1.467929151e-03
1.649218799e-01 1.629653148e-03
1.652552132e-01 1.427628655e-03
1.655885465e-01 1.583523258e-03
1.659218799e-01 1.472359866e-03
1.662552132e-01 1.508369596e-03
1.665885465e-01 1.330758752e-03
1.669218799e-01 1.390132916e-03
1.672552132e-01 1.330170227e-03
1.675885465e-01 1.630177211e-03
1.679218799e-01 1.544957336e-03
1.682552132e-01 1.392590986e-03
1.685885465e-01 1.528039725e-03
1.689218799e-01 1.408816448e-03
1.692552132e-01 1.582514534e-03
1.695885465e-01 1.339678874e-03
1.699218799e-01 1.334290911e-03
1.702552132e-01 1.484481991e-03
1.705885465e-01 1.391813867e-03
1.709218799e-01 1.321454993e-03
1.712552132e-01 1.480490977e-03
1.715885465e-01 1.504728617e-03
1.719218799e-01 1.601781753e-03
1.722552132e-01 1.419324027e-03
1.725885465e-01 1.365310311e-03
1.729218799e-01 1.318527278e-03
1.732552132e-01 1.382722218e-03
1.735885465e-01 1.404383640e-03
1.739218799e-01 1.507150503e-03
1.742552132e-01 1.602914087e-03
1.745885465e-01 1.525464710e-03
1.749218799e-01 1.334746856e-03
1.752552132e-01 1.592198434e-03
1.755885465e-01 1.312688556e-03
1.759218799e-01 1.611162623e-03
1.762552132e-01 1.424081456e-03
1.765885465e-01 1.513878617e-03
1.769218799e-01 1.634705808e-03
1.772552132e-01 1.506962768e-03
1.775885465e-01 1.536761196e-03
1.779218799e-01 1.624225989e-03
1.782552132e-01 1.411227020e-03
1.785885465e-01 1.621956371e-03
1.789218799e-01 1.511500504e-03
1.792552132e-01 1.512575519e-03
1.795885465e-01 1.563633544e-03
1.799218799e-01 1.543639268e-03
1.802552132e-01 1.539290231e-03
1.805885465e-01 1.407169907e-03
1.809218799e-01 1.627804740e-03
1.812552132e-01 1.553060722e-03
1.815885465e-01 1.579940269e-03
1.819218799e-01 1.491443290e-03
1.822552132e-01 1.513716284e-03
1.825885465e-01 1.358101976e-03
1.829218799e-01 1.548888480e-03
1.832552132e-01 1.524342299e-03
1.835885465e-01 1.432886784e-03
1.839218799e-01 1.311965222e-03
1.842552132e-01 1.390149747e-03
1.845885465e-01 1.394421650e-03
1.849218799e-01 1.529347875e-03
1.852552132e-01 1.416778368e-03
1.855885465e-01 1.345132335e-03
1.859218799e-01 1.533845827e-03
1.862552132e-01 1.386380861e-03
1.865885465e-01 1.460950794e-03
1.869218799e-01 1.406091908e-03
1.872552132e-01 1.379417922e-03
1.875885465e-01 1.326208598e-03
1.879218799e-01 1.634445251e-03
1.882552132e-01 1.361866496e-03
1.885885465e-01 1.428955302e-03
1.889218799e-01 1.614551731e-03
1.892552132e-01 1.564814197e-03
1.895885465e-01 1.632941767e-03
1.899218799e-01 1.536226630e-03
1.902552132e-01 1.466458556e-03
1.905885465e-01 1.530200819e-03
1.909218799e-01 1.634662416e-03
1.912552132e-01 1.452159561e-03
1.915885465e-01 1.441121519e-03
1.919218799e-01 1.572426371e-03
1.922552132e-01 1.634723572e-03
1.925885465e-01 1.312588886e-03
1.929218799e-01 1.621576453e-03
1.932552132e-01 1.541290508e-03
1.935885465e-01 1.527906653e-03
1.939218799e-01 1.412069043e-03
1.942552132e-01 1.544158536e-03
1.945885465e-01 1.608922866e-03
1.949218799e-01 1.497320814e-03
1.952552132e-01 1.430966848e-03
1.955885465e-01 1.383125314e-03
1.959218799e-01 1.533174200e-03
1.962552132e-01 1.322164023e-03
1.965885465e-01 1.460154482e-03
1.969218799e-01 1.351403587e-03
1.972552132e-01 1.418831471e-03
1.975885465e-01 1.530111552e-03
1.979218799e-01 1.368114935e-03
1.982552132e-01 1.410409734e-03
1.985885465e-01 1.582407983e-03
1.989218799e-01 1.487463757e-03
1.992552132e-01 1.381985231e-03
1.995885465e-01 1.504209518e-03
1.999218799e-01 1.477356429e-03
2.002552132e-01 1.608459659e-03
2.005885465e-01 1.327546095e-03
2.009218799e-01 1.364398817e-03
2.012552132e-01 1.599927189e-03
2.015885465e-01 1.469807639e-03
2.019218799e-01 1.495585852e-03
2.022552132e-01 1.529049267e-03
2.025885465e-01 1.461190438e-03
2.029218799e-01 1.498130812e-03
2.032552132e-01 1.507211969e-03
2.035885465e-01 1.359030697e-03
2.039218799e-01 1.382550712e-03
2.042552132e-01 1.609091082e-03
2.045885465e-01 1.592962788e-03
2.049218799e-01 1.347877279e-03
2.052552132e-01 1.462779070e-03
2.055885465e-01 1.380260275e-03
2.059218799e-01 1.420630027e-03
2.062552132e-01 1.352210824e-03
2.065885465e-01 1.391978636e-03
2.069218799e-01 1.570302290e-03
2.072552132e-01 1.393095629e-03
2.075885465e-01 1.500254756e-03
2.079218799e-01 1.456488582e-03
2.082552132e-01 1.450582058e-03
2.085885465e-01 1.599999398e-03
2.089218799e-01 1.394861548e-03
2.092552132e-01 1.627307532e-03
2.095885465e-01 1.337876408e-03
2.099218799e-01 1.588259569e-03
2.102552132e-01 1.460482514e-03
2.105885465e-01 1.635451333e-03
2.109218799e-01 1.604884301e-03
2.112552132e-01 1.513923335e-03
2.115885465e-01 1.591050552e-03
2.119218799e-01 1.430327325e-03
2.122552132e-01 1.365107920e-03
2.125885465e-01 1.475661894e-03
2.129218799e-01 1.580376509e-03
2.132552132e-01 1.552060809e-03
2.135885465e-01 1.338325931e-03
2.139218799e-01 1.628155926e-03
2.142552132e-01 1.623323555e-03
2.145885465e-01 1.636092353e-03
2.149218799e-01 1.576424021e-03
2.152552132e-01 1.326469436e-03
2.155885465e-01 1.454103314e-03
2.159218799e-01 1.645212805e-03
2.162552132e-01 1.435591248e-03
2.165885465e-01 1.494769196e-03
2.169218799e-01 1.392276430e-03
2.172552132e-01 1.360941786e-03
2.175885465e-01 1.576209660e-03
2.179218799e-01 1.580839269e-03
2.182552132e-01 1.505701693e-03
2.185885465e-01 1.381692945e-03
2.189218799e-01 1.535703124e-03
2.192552132e-01 1.588724254e-03
2.195885465e-01 1.363791375e-03
2.199218799e-01 1.561666975e-03
2.202552132e-01 1.531701138e-03
2.205885465e-01 1.512287738e-03
2.209218799e-01 1.551762017e-03
2.212552132e-01 1.491192336e-03
2.215885465e-01 1.380781152e-03
2.219218799e-01 1.497345824e-03
2.222552132e-01 1.609349419e-03
2.225885465e-01 1.433681995e-03
2.229218799e-01 1.327430466e-03
2.232552132e-01 1.544111827e-03
2.235885465e-01 1.340091850e-03
2.239218799e-01 1.353401916e-03
2.242552132e-01 1.526543073e-03
2.245885465e-01 1.317653853e-03
2.249218799e-01 1.343695840e-03
2.252552132e-01 1.457131781e-03
2.255885465e-01 1.331584420e-03
2.259218799e-01 1.485223389e-03
2.262552132e-01 1.456398586e-03
2.265885465e-01 1.454526094e-03
2.269218799e-01 1.333972764e-03
2.272552132e-01 1.535951609e-03
2.275885465e-01 1.502707547e-03
2.279218799e-01 1.597385159e-03
2.282552132e-01 1.470623342e-03
2.285885465e-01 1.362204760e-03
2.289218799e-01 1.332836674e-03
2.292552132e-01 1.360048081e-03
2.295885465e-01 1.637947001e-03
2.299218799e-01 1.383609068e-03
2.302552132e-01 1.608659102e-03
2.305885465e-01 1.523221871e-03
2.309218799e-01 1.582766887e-03
2.312552132e-01 1.513920875e-03
2.315885465e-01 1.367876965e-03
2.319218799e-01 1.316973793e-03
2.322552132e-01 1.364655444e-03
2.325885465e-01 1.330578113e-03
2.329218799e-01 1.437303829e-03
2.332552132e-01 1.378696923e-03
2.335885465e-01 1.561263920e-03
2.339218799e-01 1.463932619e-03
2.342552132e-01 1.418598733e-03
2.345885465e-01 1.440936501e-03
2.349218799e-01 1.468012256e-03
2.352552132e-01 1.448683293e-03
2.355885465e-01 1.584419933e-03
2.359218799e-01 1.485911250e-03
2.362552132e-01 1.620184176e-03
2.365885465e-01 1.393725591e-03
2.369218799e-01 1.626640654e-03
2.372552132e-01 1.640323150e-03
2.375885465e-01 1.615806305e-03
2.379218799e-01 1.482106860e-03
2.382552132e-01 1.590429849e-03
2.385885465e-01 1.439114064e-03
2.389218799e-01 1.530292240e-03
2.392552132e-01 1.609210008e-03
2.395885465e-01 1.485068487e-03
2.399218799e-01 1.520775101e-03
2.402552132e-01 1.345317781e-03
2.405885465e-01 1.446189134e-03
2.409218799e-01 1.396421351e-03
2.412552132e-01 1.613805208e-03
2.415885465e-01 1.645793370e-03
2.419218799e-01 1.449944492e-03
2.422552132e-01 1.616387986e-03
2.425885465e-01 1.362687269e-03
2.429218799e-01 1.466057191e-03
2.432552132e-01 1.405855859e-03
2.435885465e-01 1.426844355e-03
2.439218799e-01 1.379410719e-03
2.442552132e-01 1.555174192e-03
2.445885465e-01 1.530791569e-03
2.449218799e-01 1.505658462e-03
2.452552132e-01 1.375127111e-03
2.455885465e-01 1.331378275e-03
2.459218799e-01 1.441944550e-03
2.462552132e-01 1.546200585e-03
2.465885465e-01 1.636687405e-03
2.469218799e-01 1.520757820e-03
2.472552132e-01 1.524558304e-03
2.475885465e-01 1.628690331e-03
2.479218799e-01 1.488206607e-03
2.482552132e-01 1.358270347e-03
2.485885465e-01 1.570688058e-03
2.489218799e-01 1.612184569e-03
2.492552132e-01 1.573389167e-03
2.495885465e-01 1.531353987e-03
2.499218799e-01 1.448671647e-03
2.502552132e-01 1.445545523e-03
2.505885465e-01 1.561349015e-03
2.509218799e-01 1.579500679e-03
2.512552132e-01 1.526569417e-03
2.515885465e-01 1.526386071e-03
2.519218799e-01 1.576488531e-03
2.522552132e-01 1.327671017e-03
2.525885465e-01 1.493893787e-03
2.529218799e-01 1.623591478e-03
2.532552132e-01 1.478106495e-03
2.535885465e-01 1.584090535e-03
2.539218799e-01 1.401405985e-03
2.542552132e-01 1.541783290e-03
2.545885465e-01 1.490160053e-03
2.549218799e-01 1.616388792e-03
2.552552132e-01 1.398262228e-03
2.555885465e-01 1.549403540e-03
2.559218799e-01 1.631846003e-03
2.562552132e-01 1.524248267e-03
2.565885465e-01 1.446274829e-03
2.569218799e-01 1.619166653e-03
2.572552132e-01 1.395601867e-03
2.575885465e-01 1.321391442e-03
2.579218799e-01 1.598377817e-03
2.582552132e-01 1.567625157e-03
2.585885465e-01 1.363440983e-03
2.589218799e-01 1.519474239e-03
2.592552132e-01 1.530180589e-03
2.595885465e-01 1.620496839e-03
2.599218799e-01 1.401124069e-03
2.602552132e-01 1.329110559e-03
2.605885465e-01 1.416263158e-03
2.609218799e-01 1.645989682e-03
2.612552132e-01 1.592090297e-03
2.615885465e-01 1.626274090e-03
2.619218799e-01 1.522446384e-03
2.622552132e-01 1.518611903e-03
2.625885465e-01 1.637273952e-03
2.629218799e-01 1.366298113e-03
2.632552132e-01 1.492123748e-03
2.635885465e-01 1.465263233e-03
2.639218799e-01 1.633567180e-03
2.642552132e-01 1.576670671e-03
2.645885465e-01 1.356816528e-03
2.649218799e-01 1.473459632e-03
2.652552132e-01 1.542754251e-03
2.655885465e-01 1.438069258e-03
2.659218799e-01 1.372482717e-03
2.662552132e-01 1.524182168e-03
2.665885465e-01 1.645195136e-03
2.669218799e-01 1.501597514e-03
2.672552132e-01 1.492817806e-03
2.675885465e-01 1.390228334e-03
2.679218799e-01 1.505715959e-03
2.682552132e-01 1.440551625e-03
2.685885465e-01 1.640505152e-03
2.689218799e-01 1.551770923e-03
2.692552132e-01 1.642602159e-03
2.695885465e-01 1.519891011e-03
2.699218799e-01 1.521435333e-03
2.702552132e-01 1.392856095e-03
2.705885465e-01 1.531427059e-03
2.709218799e-01 1.620086264e-03
2.712552132e-01 1.387862492e-03
2.715885465e-01 1.472496342e-03
2.719218799e-01 1.595301604e-03
2.722552132e-01 1.592545719e-03
2.725885465e-01 1.339974006e-03
2.729218799e-01 1.581403563e-03
2.732552132e-01 1.640967413e-03
2.735885465e-01 1.514183568e-03
2.739218799e-01 1.395381504e-03
2.742552132e-01 1.623211521e-03
2.745885465e-01 1.439493384e-03
2.749218799e-01 1.434132718e-03
2.752552132e-01 1.445234709e-03
2.755885465e-01 1.330773386e-03
2.759218799e-01 1.554023251e-03
2.762552132e-01 1.499500885e-03
2.765885465e-01 1.536701191e-03
2.769218799e-01 1.547592863e-03
2.772552132e-01 1.349435039e-03
2.775885465e-01 1.377817796e-03
2.779218799e-01 1.619415482e-03
2.782552132e-01 1.536707430e-03
2.785885465e-01 1.499887994e-03
2.789218799e-01 1.608068007e-03
2.792552132e-01 1.436587854e-03
2.795885465e-01 1.490561776e-03
2.799218799e-01 1.475992757e-03
2.802552132e-01 1.639352369e-03
2.805885465e-01 1.564709156e-03
2.809218799e-01 1.355339864e-03
2.812552132e-01 1.607320771e-03
2.815885465e-01 1.633749205e-03
2.819218799e-01 1.508975841e-03
2.822552132e-01 1.550390749e-03
2.825885465e-01 1.574025363e-03
2.829218799e-01 1.529975680e-03
2.832552132e-01 1.479448864e-03
2.835885465e-01 1.562609374e-03
2.839218799e-01 1.391737887e-03
2.842552132e-01 1.555704376e-03
2.845885465e-01 1.533323598e-03
2.849218799e-01 1.512029329e-03
2.852552132e-01 1.337263834e-03
2.855885465e-01 1.325947057e-03
2.859218799e-01 1.523486802e-03
2.862552132e-01 1.571933169e-03
2.865885465e-01 1.506056017e-03
2.869218799e-01 1.407424718e-03
2.872552132e-01 1.466724735e-03
2.875885465e-01 1.535985065e-03
2.879218799e-01 1.465698490e-03
2.882552132e-01 1.433224819e-03
2.885885465e-01 1.419739050e-03
2.889218799e-01 1.645928318e-03
2.892552132e-01 1.388263268e-03
2.895885465e-01 1.536592614e-03
2.899218799e-01 1.483384399e-03
2.902552132e-01 1.544445585e-03
2.905885465e-01 1.522763125e-03
2.909218799e-01 1.394873607e-03
2.912552132e-01 1.579860737e-03
2.915885465e-01 1.476787747e-03
2.919218799e-01 1.375288554e-03
2.922552132e-01 1.435464205e-03
2.925885465e-01 1.373768000e-03
2.929218799e-01 1.629198627e-03
2.932552132e-01 1.645286459e-03
2.935885465e-01 1.533025298e-03
2.939218799e-01 1.538244955e-03
2.942552132e-01 1.383423147e-03
2.945885465e-01 1.435090314e-03
2.949218799e-01 1.417891027e-03
2.952552132e-01 1.575070111e-03
2.955885465e-01 1.451933605e-03
2.959218799e-01 1.423379357e-03
2.962552132e-01 1.444726661e-03
2.965885465e-01 1.369998325e-03
2.969218799e-01 1.608862053e-03
2.972552132e-01 1.531539848e-03
2.975885465e-01 1.516073313e-03
2.979218799e-01 1.490825816e-03
2.982552132e-01 1.343178806e-03
2.985885465e-01 1.628533698e-03
2.989218799e-01 1.589762190e-03
2.992552132e-01 1.334932868e-03
2.995885465e-01 1.362584455e-03
2.999218799e-01 1.472104032e-03
3.002552132e-01 1.497361562e-03
3.005885465e-01 1.586036062e-03
3.009218799e-01 1.340501566e-03
3.012552132e-01 1.571164626e-03
3.015885465e-01 1.511454630e-03
3.019218799e-01 1.496142180e-03
3.022552132e-01 1.625267742e-03
3.025885465e-01 1.625695085e-03
3.029218799e-01 1.548648113e-03
3.032552132e-01 1.599832644e-03
3.035885465e-01 1.616309490e-03
3.039218799e-01 1.426963020e-03
3.042552132e-01 1.483328865e-03
3.045885465e-01 1.344945554e-03
3.049218799e-01 1.540561230e-03
3.052552132e-01 1.579689426e-03
3.055885465e-01 1.598446831e-03
3.059218799e-01 1.337554293e-03
3.062552132e-01 1.348089859e-03
3.065885465e-01 1.388156181e-03
3.069218799e-01 1.385830247e-03
3.072552132e-01 1.635191142e-03
3.075885465e-01 1.597896853e-03
3.079218799e-01 1.580065971e-03
3.082552132e-01 1.470807617e-03
3.085885465e-01 1.619161226e-03
3.089218799e-01 1.553313472e-03
3.092552132e-01 1.405245171e-03
3.095885465e-01 1.632064347e-03
3.099218799e-01 1.593829730e-03
3.102552132e-01 1.555242549e-03
3.105885465e-01 1.473947458e-03
3.109218799e-01 1.524348871e-03
3.112552132e-01 1.573522052e-03
3.115885465e-01 1.389518205e-03
3.119218799e-01 1.380171133e-03
3.122552132e-01 1.413993368e-03
3.125885465e-01 1.359076582e-03
3.129218799e-01 1.350118346e-03
3.132552132e-01 1.640188427e-03
3.135885465e-01 1.636417651e-03
3.139218799e-01 1.643897734e-03
3.142552132e-01 1.411249479e-03
3.145885465e-01 1.463806009e-03
3.149218799e-01 1.332864234e-03
3.152552132e-01 1.629126436e-03
3.155885465e-01 1.387439269e-03
3.159218799e-01 1.608549667e-03
3.162552132e-01 1.643880759e-03
3.165885465e-01 1.412690581e-03
3.169218799e-01 1.340495383e-03
3.172552132e-01 1.373461950e-03
3.175885465e-01 1.391594070e-03
3.179218799e-01 1.615399312e-03
3.182552132e-01 1.630496388e-03
3.185885465e-01 1.539331537e-03
3.189218799e-01 1.578118431e-03
3.192552132e-01 1.527329123e-03
3.195885465e-01 1.621390670e-03
3.199218799e-01 1.553624765e-03
3.202552132e-01 1.464562191e-03
3.205885465e-01 1.519997902e-03
3.209218799e-01 1.370898245e-03
3.212552132e-01 1.332198416e-03
3.215885465e-01 1.436768634e-03
3.219218799e-01 1.436959782e-03
3.222552132e-01 1.388874195e-03
3.225885465e-01 1.527227955e-03
3.229218799e-01 1.472463617e-03
3.232552132e-01 1.415381087e-03
3.235885465e-01 1.510432883e-03
3.239218799e-01 1.451859049e-03
3.242552132e-01 1.402217877e-03
3.245885465e-01 1.597916019e-03
3.249218799e-01 1.591859977e-03
3.252552132e-01 1.411238285e-03
3.255885465e-01 1.569826545e-03
3.259218799e-01 1.655377911e-03
3.262552132e-01 1.362494520e-03
3.265885465e-01 1.556375101e-03
3.269218799e-01 1.410697512e-03
3.272552132e-01 1.378913473e-03
3.275885465e-01 1.605721832e-03
3.279218799e-01 1.478137567e-03
3.282552132e-01 1.336786633e-03
3.285885465e-01 1.578653259e-03
3.289218799e-01 1.359865327e-03
3.292552132e-01 1.590595800e-03
3.295885465e-01 1.448300955e-03
3.299218799e-01 1.656869069e-03
3.302552132e-01 1.486461462e-03
3.305885465e-01 1.588398529e-03
3.309218799e-01 1.519030166e-03
3.312552132e-01 1.532817374e-03
3.315885465e-01 1.596015745e-03
3.319218799e-01 1.631178727e-03
3.322552132e-01 1.645118203e-03
3.325885465e-01 1.326858767e-03
3.329218799e-01 1.500336615e-03
3.332552132e-01 1.459472853e-03
3.335885465e-01 1.417425315e-03
3.339218799e-01 1.352582713e-03
3.342552132e-01 1.586439533e-03
3.345885465e-01 1.494711897e-03
3.349218799e-01 1.625528505e-03
3.352552132e-01 1.519957010e-03
3.355885465e-01 1.580902072e-03
3.359218799e-01 1.536934655e-03
3.362552132e-01 1.516875569e-03
3.365885465e-01 1.618231608e-03
3.369218799e-01 1.434772468e-03
3.372552132e-01 1.602330150e-03
3.375885465e-01 1.338529833e-03
3.379218799e-01 1.381840061e-03
3.382552132e-01 1.421774481e-03
3.385885465e-01 1.349917561e-03
3.389218799e-01 1.635055405e-03
3.392552132e-01 1.456162877e-03
3.395885465e-01 1.614997408e-03
3.399218799e-01 1.424468044e-03
3.402552132e-01 1.454104594e-03
3.405885465e-01 1.442492475e-03
3.409218799e-01 1.353861130e-03
3.412552132e-01 1.647423596e-03
3.415885465e-01 1.649559623e-03
3.419218799e-01 1.624087580e-03
3.422552132e-01 1.619440620e-03
3.425885465e-01 1.635477042e-03
3.429218799e-01 1.625039809e-03
3.432552132e-01 1.460498269e-03
3.435885465e-01 1.435631830e-03
3.439218799e-01 1.383107951e-03
3.442552132e-01 1.487018029e-03
3.445885465e-01 1.362635955e-03
3.449218799e-01 1.551678648e-03
3.452552132e-01 1.453032867e-03
3.455885465e-01 1.556373492e-03
3.459218799e-01 1.472988766e-03
3.462552132e-01 1.330336415e-03
3.465885465e-01 1.413578795e-03
3.469218799e-01 1.431510943e-03
3.472552132e-01 1.438693612e-03
3.475885465e-01 1.356121161e-03
3.479218799e-01 1.443547141e-03
3.482552132e-01 1.494000846e-03
3.485885465e-01 1.451323616e-03
3.489218799e-01 1.466853471e-03
3.492552132e-01 1.469072474e-03
3.495885465e-01 1.580796833e-03
3.499218799e-01 1.421788660e-03
3.502552132e-01 1.566772401e-03
3.505885465e-01 1.374760739e-03
3.509218799e-01 1.537434536e-03
3.512552132e-01 1.593747681e-03
3.515885465e-01 1.361925893e-03
3.519218799e-01 1.526696454e-03
3.522552132e-01 1.557498286e-03
3.525885465e-01 1.654323594e-03
3.529218799e-01 1.501757960e-03
3.532552132e-01 1.522083268e-03
3.535885465e-01 1.454327740e-03
3.539218799e-01 1.610189696e-03
3.542552132e-01 1.577951816e-03
3.545885465e-01 1.614067049e-03
3.549218799e-01 1.645507608e-03
3.552552132e-01 1.468939758e-03
3.555885465e-01 1.406369873e-03
3.559218799e-01 1.541111715e-03
3.562552132e-01 1.614453123e-03
3.565885465e-01 1.409191530e-03
3.569218799e-01 1.627136390e-03
3.572552132e-01 1.385037243e-03
3.575885465e-01 1.520252278e-03
3.579218799e-01 1.655585305e-03
3.582552132e-01 1.500872749e-03
3.585885465e-01 1.353168760e-03
3.589218799e-01 1.445785155e-03
3.592552132e-01 1.639896379e-03
3.595885465e-01 1.494371978e-03
3.599218799e-01 1.365339976e-03
3.602552132e-01 1.400403598e-03
3.605885465e-01 1.399823504e-03
3.609218799e-01 1.412073731e-03
3.612552132e-01 1.609771703e-03
3.615885465e-01 1.332131965e-03
3.619218799e-01 1.445854277e-03
3.622552132e-01 1.474950008e-03
3.625885465e-01 1.561405961e-03
3.629218799e-01 1.438580766e-03
3.632552132e-01 1.648404709e-03
3.635885465e-01 1.421813143e-03
3.639218799e-01 1.564526252e-03
3.642552132e-01 1.596839309e-03
3.645885465e-01 1.337970350e-03
3.649218799e-01 1.516759170e-03
3.652552132e-01 1.580473260e-03
3.655885465e-01 1.478330249e-03
3.659218799e-01 1.594509644e-03
3.662552132e-01 1.459592695e-03
3.665885465e-01 1.430751538e-03
3.669218799e-01 1.341629781e-03
3.672552132e-01 1.424618124e-03
3.675885465e-01 1.486971580e-03
3.679218799e-01 1.533025277e-03
3.682552132e-01 1.417973726e-03
3.685885465e-01 1.658908367e-03
3.689218799e-01 1.557218475e-03
3.692552132e-01 1.534743711e-03
3.695885465e-01 1.636416629e-03
3.699218799e-01 1.389162716e-03
3.702552132e-01 1.570949657e-03
3.705885465e-01 1.374313230e-03
3.709218799e-01 1.459772916e-03
3.712552132e-01 1.653770438e-03
3.715885465e-01 1.654792329e-03
3.719218799e-01 1.462572618e-03
3.722552132e-01 1.436919451e-03
3.725885465e-01 1.466997400e-03
3.729218799e-01 1.361193962e-03
3.732552132e-01 1.546009247e-03
3.735885465e-01 1.452538111e-03
3.739218799e-01 1.453436741e-03
3.742552132e-01 1.447592095e-03
3.745885465e-01 1.386394303e-03
3.749218799e-01 1.461717587e-03
3.752552132e-01 1.634622035e-03
3.755885465e-01 1.637098599e-03
3.759218799e-01 1.610239133e-03
3.762552132e-01 1.565949895e-03
3.765885465e-01 1.433469758e-03
3.769218799e-01 1.377729375e-03
3.772552132e-01 1.577611947e-03
3.775885465e-01 1.528080379e-03
3.779218799e-01 1.534653673e-03
3.782552132e-01 1.447216821e-03
3.785885465e-01 1.615927242e-03
3.789218799e-01 1.530062044e-03
3.792552132e-01 1.340895493e-03
3.795885465e-01 1.487091337e-03
3.799218799e-01 1.502859237e-03
3.802552132e-01 1.399732280e-03
3.805885465e-01 1.394341898e-03
3.809218799e-01 1.546766864e-03
3.812552132e-01 1.529059746e-03
3.815885465e-01 1.384293699e-03
3.819218799e-01 1.537700697e-03
3.822552132e-01 1.661067334e-03
3.825885465e-01 1.490608246e-03
3.829218799e-01 1.340719979e-03
3.832552132e-01 1.358243291e-03
3.835885465e-01 1.372559595e-03
3.839218799e-01 1.462493625e-03
3.842552132e-01 1.480875660e-03
3.845885465e-01 1.489307404e-03
3.849218799e-01 1.518003722e-03
3.852552132e-01 1.611669114e-03
3.855885465e-01 1.459632037e-03
3.859218799e-01 1.490764980e-03
3.862552132e-01 1.557530959e-03
3.865885465e-01 1.361164690e-03
3.869218799e-01 1.593110868e-03
3.872552132e-01 1.604096497e-03
3.875885465e-01 1.607572825e-03
3.879218799e-01 1.456614120e-03
3.882552132e-01 1.474133056e-03
3.885885465e-01 1.390132539e-03
3.889218799e-01 1.407844253e-03
3.892552132e-01 1.339457983e-03
3.895885465e-01 1.399584234e-03
3.899218799e-01 1.563451772e-03
3.902552132e-01 1.510793372e-03
3.905885465e-01 1.467752632e-03
3.909218799e-01 1.626189746e-03
3.912552132e-01 1.392582931e-03
3.915885465e-01 1.665128351e-03
3.919218799e-01 1.345426024e-03
3.922552132e-01 1.598519471e-03
3.925885465e-01 1.661058120e-03
3.929218799e-01 1.504189956e-03
3.932552132e-01 1.607355047e-03
3.935885465e-01 1.354043579e-03
3.939218799e-01 1.544784951e-03
3.942552132e-01 1.404510630e-03
3.945885465e-01 1.502874414e-03
3.949218799e-01 1.368674073e-03
3.952552132e-01 1.590389275e-03
3.955885465e-01 1.449044983e-03
3.959218799e-01 1.496100756e-03
3.962552132e-01 1.415575417e-03
3.965885465e-01 1.340956947e-03
3.969218799e-01 1.524939622e-03
3.972552132e-01 1.342986958e-03
3.975885465e-01 1.612647274e-03
3.979218799e-01 1.466732761e-03
3.982552132e-01 1.467114535e-03
3.985885465e-01 1.420920256e-03
3.989218799e-01 1.524298355e-03
3.992552132e-01 1.542351634e-03
3.995885465e-01 1.427730867e-03
3.999218799e-01 1.591194994e-03
4.002552132e-01 1.439742246e-03
4.005885465e-01 1.605756176e-03
4.009218799e-01 1.392805984e-03
4.012552132e-01 1.399750099e-03
4.015885465e-01 1.665450290e-03
4.019218799e-01 1.391671920e-03
4.022552132e-01 1.412206770e-03
4.025885465e-01 1.597626796e-03
4.029218799e-01 1.386346789e-03
4.032552132e-01 1.583306517e-03
4.035885465e-01 1.538518003e-03
4.039218799e-01 1.407219556e-03
4.042552132e-01 1.461547010e-03
4.045885465e-01 1.609777189e-03
4.049218799e-01 1.576802201e-03
4.052552132e-01 1.496888981e-03
4.055885465e-01 1.533460689e-03
4.059218799e-01 1.359101062e-03
4.062552132e-01 1.659536595e-03
4.065885465e-01 1.615542605e-03
4.069218799e-01 1.366524141e-03
4.072552132e-01 1.517568643e-03
4.075885465e-01 1.624914941e-03
4.079218799e-01 1.645516407e-03
4.082552132e-01 1.650606001e-03
4.085885465e-01 1.424960339e-03
4.089218799e-01 1.399327118e-03
4.092552132e-01 1.507754397e-03
4.095885465e-01 1.633454926e-03
4.099218799e-01 1.493160510e-03
4.102552132e-01 1.431678148e-03
4.105885465e-01 1.405885487e-03
4.109218799e-01 1.431564552e-03
4.112552132e-01 1.490424876e-03
4.115885465e-01 1.471535868e-03
4.119218799e-01 1.429541322e-03
4.122552132e-01 1.547916133e-03
4.125885465e-01 1.549521492e-03
4.129218799e-01 1.359573150e-03
4.132552132e-01 1.599960790e-03
4.135885465e-01 1.465152041e-03
4.139218799e-01 1.563708007e-03
4.142552132e-01 1.339423351e-03
4.145885465e-01 1.592234865e-03
4.149218799e-01 1.505647146e-03
4.152552132e-01 1.581680297e-03
4.155885465e-01 1.421204713e-03
4.159218799e-01 1.371148151e-03
4.162552132e-01 1.606114451e-03
4.165885465e-01 1.412700502e-03
4.169218799e-01 1.651942711e-03
4.172552132e-01 1.637849969e-03
4.175885465e-01 1.595439936e-03
4.179218799e-01 1.608654517e-03
4.182552132e-01 1.615122642e-03
4.185885465e-01 1.577761596e-03
4.189218799e-01 1.365289903e-03
4.192552132e-01 1.346084186e-03
4.195885465e-01 1.417109793e-03
4.199218799e-01 1.663631329e-03
4.202552132e-01 1.504090556e-03
4.205885465e-01 1.513593152e-03
4.209218799e-01 1.400948039e-03
4.212552132e-01 1.600379004e-03
4.215885465e-01 1.668701256e-03
4.219218799e-01 1.537126460e-03
4.222552132e-01 1.361188864e-03
4.225885465e-01 1.547845238e-03
4.229218799e-01 1.417835106e-03
4.232552132e-01 1.385241798e-03
4.235885465e-01 1.478911770e-03
4.239218799e-01 1.547385505e-03
4.242552132e-01 1.613307441e-03
4.245885465e-01 1.482652027e-03
4.249218799e-01 1.470563205e-03
4.252552132e-01 1.449856678e-03
4.255885465e-01 1.395193664e-03
4.259218799e-01 1.555921834e-03
4.262552132e-01 1.485117981e-03
4.265885465e-01 1.665380496e-03
4.269218799e-01 1.632653938e-03
4.272552132e-01 1.467718175e-03
4.275885465e-01 1.633847156e-03
4.279218799e-01 1.558669765e-03
4.282552132e-01 1.406907777e-03
4.285885465e-01 1.579464069e-03
4.289218799e-01 1.466884813e-03
4.292552132e-01 1.435943639e-03
4.295885465e-01 1.589253381e-03
4.299218799e-01 1.547658891e-03
4.302552132e-01 1.429865071e-03
4.305885465e-01 1.423593185e-03
4.309218799e-01 1.391460430e-03
4.312552132e-01 1.494313962e-03
4.315885465e-01 1.354098833e-03
4.319218799e-01 1.390247448e-03
4.322552132e-01 1.361485295e-03
4.325885465e-01 1.378625007e-03
4.329218799e-01 1.601389092e-03
4.332552132e-01 1.442575897e-03
4.335885465e-01 1.427081384e-03
4.339218799e-01 1.410141185e-03
4.342552132e-01 1.653094127e-03
4.345885465e-01 1.370147279e-03
4.349218799e-01 1.555844053e-03
4.352552132e-01 1.453333889e-03
4.355885465e-01 1.482972889e-03
4.359218799e-01 1.613965684e-03
4.362552132e-01 1.338809383e-03
4.365885465e-01 1.630936883e-03
4.369218799e-01 1.608817873e-03
4.372552132e-01 1.634227355e-03
4.375885465e-01 1.428044758e-03
4.379218799e-01 1.572013722e-03
4.382552132e-01 1.522204799e-03
4.385885465e-01 1.497552526e-03
4.389218799e-01 1.480703420e-03
4.392552132e-01 1.651607540e-03
4.395885465e-01 1.595973050e-03
4.399218799e-01 1.399059304e-03
4.402552132e-01 1.528327877e-03
4.405885465e-01 1.354858504e-03
4.409218799e-01 1.484965136e-03
4.412552132e-01 1.582059876e-03
4.415885465e-01 1.511402951e-03
4.419218799e-01 1.501253363e-03
4.422552132e-01 1.634455620e-03
4.425885465e-01 1.534995437e-03
4.429218799e-01 1.541944449e-03
4.432552132e-01 1.564536339e-03
4.435885465e-01 1.639555169e-03
4.439218799e-01 1.630968535e-03
4.442552132e-01 1.636579085e-03
4.445885465e-01 1.621176376e-03
4.449218799e-01 1.662935074e-03
4.452552132e-01 1.520867904e-03
4.455885465e-01 1.402913863e-03
4.459218799e-01 1.474270385e-03
4.462552132e-01 1.463154829e-03
4.465885465e-01 1.403336632e-03
4.469218799e-01 1.433446124e-03
4.472552132e-01 1.400170355e-03
4.475885465e-01 1.365720430e-03
4.479218799e-01 1.522939442e-03
4.482552132e-01 1.633591412e-03
4.485885465e-01 1.549291333e-03
4.489218799e-01 1.348483500e-03
4.492552132e-01 1.442245120e-03
4.495885465e-01 1.528807908e-03
4.499218799e-01 1.605657660e-03
4.502552132e-01 1.502464268e-03
4.505885465e-01 1.384921022e-03
4.509218799e-01 1.621593454e-03
4.512552132e-01 1.648465406e-03
4.515885465e-01 1.627975607e-03
4.519218799e-01 1.460616480e-03
4.522552132e-01 1.477297535e-03
4.525885465e-01 1.589968678e-03
4.529218799e-01 1.656441379e-03
4.532552132e-01 1.346696783e-03
4.535885465e-01 1.481918479e-03
4.539218799e-01 1.623368666e-03
4.542552132e-01 1.638329419e-03
4.545885465e-01 1.445786974e-03
4.549218799e-01 1.571793088e-03
4.552552132e-01 1.628471166e-03
4.555885465e-01 1.627153507e-03
4.559218799e-01 1.635164194e-03
4.562552132e-01 1.429824068e-03
4.565885465e-01 1.417349452e-03
4.569218799e-01 1.365500535e-03
4.572552132e-01 1.523561822e-03
4.575885465e-01 1.477770015e-03
4.579218799e-01 1.391429745e-03
4.582552132e-01 1.373335274e-03
4.585885465e-01 1.438153996e-03
4.589218799e-01 1.600805531e-03
4.592552132e-01 1.381861771e-03
4.595885465e-01 1.540400649e-03
4.599218799e-01 1.456240168e-03
4.602552132e-01 1.647438016e-03
4.605885465e-01 1.369408683e-03
4.609218799e-01 1.500996799e-03
4.612552132e-01 1.595492246e-03
4.615885465e-01 1.344293359e-03
4.619218799e-01 1.455350163e-03
4.622552132e-01 1.382444963e-03
4.625885465e-01 1.481218937e-03
4.629218799e-01 1.371572015e-03
4.632552132e-01 1.365097976e-03
4.635885465e-01 1.487419138e-03
4.639218799e-01 1.512952357e-03
4.642552132e-01 1.647886942e-03
4.645885465e-01 1.451793955e-03
4.649218799e-01 1.618076486e-03
4.652552132e-01 1.545642266e-03
4.655885465e-01 1.406185767e-03
4.659218799e-01 1.571109040e-03
4.662552132e-01 1.506643902e-03
4.665885465e-01 1.495138998e-03
4.669218799e-01 1.647546036e-03
4.672552132e-01 1.531190355e-03
4.675885465e-01 1.344371770e-03
4.679218799e-01 1.450945360e-03
4.682552132e-01 1.581541095e-03
4.685885465e-01 1.376586385e-03
4.689218799e-01 1.547937034e-03
4.692552132e-01 1.507809301e-03
4.695885465e-01 1.417202488e-03
4.699218799e-01 1.413716998e-03
4.702552132e-01 1.622720428e-03
4.705885465e-01 1.389936431e-03
4.709218799e-01 1.441713236e-03
4.712552132e-01 1.448929737e-03
4.715885465e-01 1.643932802e-03
4.719218799e-01 1.444468993e-03
4.722552132e-01 1.562700564e-03
4.725885465e-01 1.351423356e-03
4.729218799e-01 1.584025107e-03
4.732552132e-01 1.592568002e-03
4.735885465e-01 1.374774991e-03
4.739218799e-01 1.396322803e-03
4.742552132e-01 1.430357140e-03
4.745885465e-01 1.347456931e-03
4.749218799e-01 1.506203298e-03
4.752552132e-01 1.373145036e-03
4.755885465e-01 1.551102136e-03
4.759218799e-01 1.570350191e-03
4.762552132e-01 1.602173383e-03
4.765885465e-01 1.382290186e-03
4.769218799e-01 1.389991504e-03
4.772552132e-01 1.574179893e-03
4.775885465e-01 1.571232500e-03
4.779218799e-01 1.392073378e-03
4.782552132e-01 1.349460161e-03
4.785885465e-01 1.477066635e-03
4.789218799e-01 1.426244260e-03
4.792552132e-01 1.554939808e-03
4.795885465e-01 1.642376659e-03
4.799218799e-01 1.500905573e-03
4.802552132e-01 1.626073726e-03
4.805885465e-01 1.589138761e-03
4.809218799e-01 1.548175092e-03
4.812552132e-01 1.391744790e-03
4.815885465e-01 1.361984392e-03
4.819218799e-01 1.515981847e-03
4.822552132e-01 1.493379122e-03
4.825885465e-01 1.581808340e-03
4.829218799e-01 1.524486624e-03
4.832552132e-01 1.401110346e-03
4.835885465e-01 1.498040482e-03
4.839218799e-01 1.556217105e-03
4.842552132e-01 1.454346648e-03
4.845885465e-01 1.585269123e-03
4.849218799e-01 1.560503531e-03
4.852552132e-01 1.617337427e-03
4.855885465e-01 1.615159620e-03
4.859218799e-01 1.434975768e-03
4.862552132e-01 1.511015685e-03
4.865885465e-01 1.540619028e-03
4.869218799e-01 1.473843264e-03
4.872552132e-01 1.557542442e-03
4.875885465e-01 1.437958777e-03
4.879218799e-01 1.368193550e-03
4.882552132e-01 1.606024862e-03
4.885885465e-01 1.443785895e-03
4.889218799e-01 1.501585050e-03
4.892552132e-01 1.355218554e-03
4.895885465e-01 1.654966363e-03
4.899218799e-01 1.466826920e-03
4.902552132e-01 1.512280550e-03
4.905885465e-01 1.603821051e-03
4.909218799e-01 1.378704508e-03
4.912552132e-01 1.383152326e-03
4.915885465e-01 1.651553708e-03
4.919218799e-01 1.396634610e-03
4.922552132e-01 1.555037719e-03
4.925885465e-01 1.467460871e-03
4.929218799e-01 1.634262145e-03
4.932552132e-01 1.401968019e-03
4.935885465e-01 1.524306033e-03
4.939218799e-01 1.454661909e-03
4.942552132e-01 1.613835532e-03
4.945885465e-01 1.634260873e-03
4.949218799e-01 1.362163669e-03
4.952552132e-01 1.496529470e-03
4.955885465e-01 1.573746471e-03
4.959218799e-01 1.632762549e-03
4.962552132e-01 1.586902247e-03
4.965885465e-01 1.406783572e-03
4.969218799e-01 1.495360727e-03
4.972552132e-01 1.382682388e-03
4.975885465e-01 1.619553945e-03
4.979218799e-01 1.588505147e-03
4.982552132e-01 1.406019286e-03
4.985885465e-01 1.547346519e-03
4.989218799e-01 1.354016445e-03
4.992552132e-01 1.562620756e-03
4.995885465e-01 1.557539169e-03
4.999218799e-01 1.663914573e-03
5.002552132e-01 1.351003769e-03
5.005885465e-01 1.391333466e-03
5.009218799e-01 1.589207017e-03
5.012552132e-01 1.384470644e-03
5.015885465e-01 1.429205791e-03
5.019218799e-01 1.562105017e-03
5.022552132e-01 1.435740496e-03
5.025885465e-01 1.638836363e-03
5.029218799e-01 1.350783010e-03
5.032552132e-01 1.391177360e-03
5.035885465e-01 1.361936689e-03
5.039218799e-01 1.529512266e-03
5.042552132e-01 1.500220066e-03
5.045885465e-01 1.630110584e-03
5.049218799e-01 1.484735728e-03
5.052552132e-01 1.516637209e-03
5.055885465e-01 1.447517741e-03
5.059218799e-01 1.379317423e-03
5.062552132e-01 1.470192512e-03
5.065885465e-01 1.355170265e-03
5.069218799e-01 1.440142122e-03
5.072552132e-01 1.619551873e-03
5.075885465e-01 1.391808789e-03
5.079218799e-01 1.380276363e-03
5.082552132e-01 1.528594803e-03
5.085885465e-01 1.451656670e-03
5.089218799e-01 1.581408949e-03
5.092552132e-01 1.536354779e-03
5.095885465e-01 1.667978415e-03
5.099218799e-01 1.459273222e-03
5.102552132e-01 1.520551899e-03
5.105885465e-01 1.672555499e-03
5.109218799e-01 1.504137431e-03
5.112552132e-01 1.429913748e-03
5.115885465e-01 1.377138387e-03
5.119218799e-01 1.586746206e-03
5.122552132e-01 1.645379147e-03
5.125885465e-01 1.466196657e-03
5.129218799e-01 1.545524393e-03
5.132552132e-01 1.649394691e-03
5.135885465e-01 1.510563920e-03
5.139218799e-01 1.560608347e-03
5.142552132e-01 1.498678242e-03
5.145885465e-01 1.663845952e-03
5.149218799e-01 1.510404904e-03
5.152552132e-01 1.636390610e-03
5.155885465e-01 1.500083791e-03
5.159218799e-01 1.610813927e-03
5.162552132e-01 1.668556625e-03
5.165885465e-01 1.623082198e-03
5.169218799e-01 1.618747383e-03
5.172552132e-01 1.428085892e-03
5.175885465e-01 1.561978498e-03
5.179218799e-01 1.663191205e-03
5.182552132e-01 1.460954555e-03
5.185885465e-01 1.409789526e-03
5.189218799e-01 1.434021352e-03
5.192552132e-01 1.361494224e-03
5.195885465e-01 1.598565596e-03
5.199218799e-01 1.421044954e-03
5.202552132e-01 1.473103189e-03
5.205885465e-01 1.438077120e-03
5.209218799e-01 1.412517284e-03
5.212552132e-01 1.629447984e-03
5.215885465e-01 1.520155424e-03
5.219218799e-01 1.441777414e-03
5.222552132e-01 1.534939777e-03
5.225885465e-01 1.484237327e-03
5.229218799e-01 1.559967324e-03
5.232552132e-01 1.399081245e-03
5.235885465e-01 1.452206242e-03
5.239218799e-01 1.389062608e-03
5.242552132e-01 1.611511423e-03
5.245885465e-01 1.602663441e-03
5.249218799e-01 1.371311301e-03
5.252552132e-01 1.440276180e-03
5.255885465e-01 1.557371008e-03
5.259218799e-01 1.523002480e-03
5.262552132e-01 1.369321250e-03
5.265885465e-01 1.544115856e-03
5.269218799e-01 1.464229976e-03
5.272552132e-01 1.639504331e-03
5.275885465e-01 1.623594506e-03
5.279218799e-01 1.677558283e-03
5.282552132e-01 1.620669057e-03
5.285885465e-01 1.402479619e-03
5.289218799e-01 1.405235397e-03
5.292552132e-01 1.372535019e-03
5.295885465e-01 1.415108801e-03
5.299218799e-01 1.654892958e-03
5.302552132e-01 1.444628938e-03
5.305885465e-01 1.539217947e-03
5.309218799e-01 1.410599687e-03
5.312552132e-01 1.508066143e-03
5.315885465e-01 1.486209489e-03
5.319218799e-01 1.581588965e-03
5.322552132e-01 1.600634366e-03
5.325885465e-01 1.671897023e-03
5.329218799e-01 1.383197657e-03
5.332552132e-01 1.477929987e-03
5.335885465e-01 1.388263491e-03
5.339218799e-01 1.485979373e-03
5.342552132e-01 1.517524980e-03
5.345885465e-01 1.650264202e-03
5.349218799e-01 1.405755665e-03
5.352552132e-01 1.539239354e-03
5.355885465e-01 1.407567003e-03
5.359218799e-01 1.613443500e-03
5.362552132e-01 1.379182193e-03
5.365885465e-01 1.427118804e-03
5.369218799e-01 1.474413426e-03
5.372552132e-01 1.493556416e-03
5.375885465e-01 1.383390885e-03
5.379218799e-01 1.414732510e-03
5.382552132e-01 1.487796098e-03
5.385885465e-01 1.654031488e-03
5.389218799e-01 1.467140481e-03
5.392552132e-01 1.542916647e-03
5.395885465e-01 1.676408450e-03
5.399218799e-01 1.532048009e-03
5.402552132e-01 1.514231775e-03
5.405885465e-01 1.437416327e-03
5.409218799e-01 1.387601656e-03
5.412552132e-01 1.574457250e-03
5.415885465e-01 1.595065004e-03
5.419218799e-01 1.523350418e-03
5.422552132e-01 1.472208886e-03
5.425885465e-01 1.511818765e-03
5.429218799e-01 1.511323553e-03
5.432552132e-01 1.504772697e-03
5.435885465e-01 1.639071607e-03
5.439218799e-01 1.548866593e-03
5.442552132e-01 1.639988307e-03
5.445885465e-01 1.472456169e-03
5.449218799e-01 1.514947049e-03
5.452552132e-01 1.361516889e-03
5.455885465e-01 1.660758430e-03
5.459218799e-01 1.571533608e-03
5.462552132e-01 1.623936587e-03
5.465885465e-01 1.355540122e-03
5.469218799e-01 1.647541871e-03
5.472552132e-01 1.413862757e-03
5.475885465e-01 1.497899227e-03
5.479218799e-01 1.679692048e-03
5.482552132e-01 1.477311156e-03
5.485885465e-01 1.634367803e-03
5.489218799e-01 1.649019263e-03
5.492552132e-01 1.593037270e-03
5.495885465e-01 1.492493316e-03
5.499218799e-01 1.640593138e-03
5.502552132e-01 1.440207255e-03
5.505885465e-01 1.655136945e-03
5.509218799e-01 1.393044521e-03
5.512552132e-01 1.476133830e-03
5.515885465e-01 1.544542301e-03
5.519218799e-01 1.636347478e-03
5.522552132e-01 1.647678708e-03
5.525885465e-01 1.664902145e-03
5.529218799e-01 1.462940358e-03
5.532552132e-01 1.473732860e-03
5.535885465e-01 1.484361917e-03
5.539218799e-01 1.416655509e-03
5.542552132e-01 1.670532790e-03
5.545885465e-01 1.438906681e-03
5.549218799e-01 1.536957914e-03
5.552552132e-01 1.499949180e-03
5.555885465e-01 1.448182676e-03
5.559218799e-01 1.512098538e-03
5.562552132e-01 1.385821398e-03
5.565885465e-01 1.386414281e-03
5.569218799e-01 1.515223412e-03
5.572552132e-01 1.680904413e-03
5.575885465e-01 1.447774567e-03
5.579218799e-01 1.660576546e-03
5.582552132e-01 1.674673406e-03
5.585885465e-01 1.572452363e-03
5.589218799e-01 1.608934011e-03
5.592552132e-01 1.637638677e-03
5.595885465e-01 1.479391982e-03
5.599218799e-01 1.415286008e-03
5.602552132e-01 1.592046820e-03
5.605885465e-01 1.566703894e-03
5.609218799e-01 1.384150585e-03
5.612552132e-01 1.632108608e-03
5.615885465e-01 1.356477952e-03
5.619218799e-01 1.575622734e-03
5.622552132e-01 1.582008880e-03
5.625885465e-01 1.650999058e-03
5.629218799e-01 1.553990208e-03
5.632552132e-01 1.358370823e-03
5.635885465e-01 1.438109752e-03
5.639218799e-01 1.685019534e-03
5.642552132e-01 1.421649974e-03
5.645885465e-01 1.421889077e-03
5.649218799e-01 1.437128968e-03
5.652552132e-01 1.605100185e-03
5.655885465e-01 1.568286757e-03
5.659218799e-01 1.531716340e-03
5.662552132e-01 1.430226273e-03
5.665885465e-01 1.600425218e-03
5.669218799e-01 1.564403858e-03
5.672552132e-01 1.591679087e-03
5.675885465e-01 1.594181857e-03
5.679218799e-01 1.658320134e-03
5.682552132e-01 1.565020150e-03
5.685885465e-01 1.581575915e-03
5.689218799e-01 1.543449275e-03
5.692552132e-01 1.486587059e-03
5.695885465e-01 1.531803602e-03
5.699218799e-01 1.668719705e-03
5.702552132e-01 1.547707610e-03
5.705885465e-01 1.436307721e-03
5.709218799e-01 1.547836978e-03
5.712552132e-01 1.577560982e-03
5.715885465e-01 1.380741848e-03
5.719218799e-01 1.549929841e-03
5.722552132e-01 1.465421343e-03
5.725885465e-01 1.608277732e-03
5.729218799e-01 1.513078605e-03
5.732552132e-01 1.664850618e-03
5.735885465e-01 1.612043642e-03
5.739218799e-01 1.596539456e-03
5.742552132e-01 1.661843923e-03
5.745885465e-01 1.678956717e-03
5.749218799e-01 1.663647623e-03
5.752552132e-01 1.410814630e-03
5.755885465e-01 1.595854615e-03
5.759218799e-01 1.543688059e-03
5.762552132e-01 1.587573941e-03
5.765885465e-01 1.671079810e-03
5.769218799e-01 1.455734809e-03
5.772552132e-01 1.463555266e-03
5.775885465e-01 1.574292293e-03
5.779218799e-01 1.361405982e-03
5.782552132e-01 1.433320628e-03
5.785885465e-01 1.450713576e-03
5.789218799e-01 1.587672261e-03
5.792552132e-01 1.621416157e-03
5.795885465e-01 1.581902771e-03
5.799218799e-01 1.430700540e-03
5.802552132e-01 1.601316405e-03
5.805885465e-01 1.440746784e-03
5.809218799e-01 1.511433847e-03
5.812552132e-01 1.460201480e-03
5.815885465e-01 1.662645032e-03
5.819218799e-01 1.536468789e-03
5.822552132e-01 1.654380235e-03
5.825885465e-01 1.438937769e-03
5.829218799e-01 1.455573720e-03
5.832552132e-01 1.478241836e-03
5.835885465e-01 1.414527173e-03
5.839218799e-01 1.378311930e-03
5.842552132e-01 1.385431634e-03
5.845885465e-01 1.386977204e-03
5.849218799e-01 1.367830515e-03
5.852552132e-01 1.359596876e-03
5.855885465e-01 1.441598529e-03
5.859218799e-01 1.607447560e-03
5.862552132e-01 1.547003094e-03
5.865885465e-01 1.672846349e-03
5.869218799e-01 1.588823629e-03
5.872552132e-01 1.646323199e-03
5.875885465e-01 1.446609275e-03
5.879218799e-01 1.473279270e-03
5.882552132e-01 1.651181546e-03
5.885885465e-01 1.523337940e-03
5.889218799e-01 1.567356550e-03
5.892552132e-01 1.548839836e-03
5.895885465e-01 1.454695778e-03
5.899218799e-01 1.459156644e-03
5.902552132e-01 1.622726667e-03
5.905885465e-01 1.365820768e-03
5.909218799e-01 1.543000966e-03
5.912552132e-01 1.443880331e-03
5.915885465e-01 1.469031003e-03
5.919218799e-01 1.515277015e-03
5.922552132e-01 1.623269060e-03
5.925885465e-01 1.432953425e-03
5.929218799e-01 1.597045878e-03
5.932552132e-01 1.388296106e-03
5.935885465e-01 1.553937479e-03
5.939218799e-01 1.654270818e-03
5.942552132e-01 1.409261345e-03
5.945885465e-01 1.581977957e-03
5.949218799e-01 1.683812393e-03
5.952552132e-01 1.419611749e-03
5.955885465e-01 1.584050233e-03
5.959218799e-01 1.434508492e-03
5.962552132e-01 1.669445709e-03
5.965885465e-01 1.440061881e-03
5.969218799e-01 1.416318875e-03
5.972552132e-01 1.567188843e-03
5.975885465e-01 1.395260050e-03
5.979218799e-01 1.505091910e-03
5.982552132e-01 1.682587323e-03
5.985885465e-01 1.688516247e-03
5.989218799e-01 1.670459935e-03
5.992552132e-01 1.558596050e-03
5.995885465e-01 1.545963677e-03
5.999218799e-01 1.433718717e-03
6.002552132e-01 1.659604434e-03
6.005885465e-01 1.477164145e-03
6.009218799e-01 1.441302005e-03
6.012552132e-01 1.510989966e-03
6.015885465e-01 1.562717746e-03
6.019218799e-01 1.551961642e-03
6.022552132e-01 1.667850971e-03
6.025885465e-01 1.494192809e-03
6.029218799e-01 1.626409744e-03
6.032552132e-01 1.573013524e-03
6.035885465e-01 1.523894248e-03
6.039218799e-01 1.488374539e-03
6.042552132e-01 1.535266967e-03
6.045885465e-01 1.574426852e-03
6.049218799e-01 1.378245714e-03
6.052552132e-01 1.526927863e-03
6.055885465e-01 1.635175715e-03
6.059218799e-01 1.603388330e-03
6.062552132e-01 1.602484001e-03
6.065885465e-01 1.612290989e-03
6.069218799e-01 1.684408356e-03
6.072552132e-01 1.659716259e-03
6.075885465e-01 1.487015113e-03
6.079218799e-01 1.387158910e-03
6.082552132e-01 1.472253887e-03
6.085885465e-01 1.477003360e-03
6.089218799e-01 1.383031280e-03
6.092552132e-01 1.450025137e-03
6.095885465e-01 1.676199242e-03
6.099218799e-01 1.569549964e-03
6.102552132e-01 1.524254028e-03
6.105885465e-01 1.642935676e-03
6.109218799e-01 1.687134596e-03
6.112552132e-01 1.605931664e-03
6.115885465e-01 1.460923076e-03
6.119218799e-01 1.556804904e-03
6.122552132e-01 1.464800989e-03
6.125885465e-01 1.435636841e-03
6.129218799e-01 1.691148947e-03
6.132552132e-01 1.397983730e-03
6.135885465e-01 1.648711785e-03
6.139218799e-01 1.521726362e-03
6.142552132e-01 1.526329842e-03
6.145885465e-01 1.490572058e-03
6.149218799e-01 1.402701578e-03
6.152552132e-01 1.544412303e-03
6.155885465e-01 1.657291710e-03
6.159218799e-01 1.677624116e-03
6.162552132e-01 1.454169149e-03
6.165885465e-01 1.566099245e-03
6.169218799e-01 1.596193649e-03
6.172552132e-01 1.444811053e-03
6.175885465e-01 1.532004046e-03
6.179218799e-01 1.389352291e-03
6.182552132e-01 1.471401803e-03
6.185885465e-01 1.643644744e-03
6.189218799e-01 1.505697426e-03
6.192552132e-01 1.493729813e-03
6.195885465e-01 1.399588225e-03
6.199218799e-01 1.487769950e-03
6.202552132e-01 1.369107992e-03
6.205885465e-01 1.562958725e-03
6.209218799e-01 1.436443681e-03
6.212552132e-01 1.695268883e-03
6.215885465e-01 1.474538251e-03
6.219218799e-01 1.536302843e-03
6.222552132e-01 1.557631424e-03
6.225885465e-01 1.578185087e-03
6.229218799e-01 1.610740400e-03
6.232552132e-01 1.554202613e-03
6.235885465e-01 1.614879245e-03
6.239218799e-01 1.564784125e-03
6.242552132e-01 1.381215751e-03
6.245885465e-01 1.446450692e-03
6.249218799e-01 1.693885942e-03
6.252552132e-01 1.422401901e-03
6.255885465e-01 1.629302372e-03
6.259218799e-01 1.656238492e-03
6.262552132e-01 1.405041646e-03
6.265885465e-01 1.388441932e-03
6.269218799e-01 1.527262920e-03
6.272552132e-01 1.639448577e-03
6.275885465e-01 1.471421024e-03
6.279218799e-01 1.364056421e-03
6.282552132e-01 1.666878398e-03
6.285885465e-01 1.580855091e-03
6.289218799e-01 1.645688155e-03
6.292552132e-01 1.477184197e-03
6.295885465e-01 1.379147987e-03
6.299218799e-01 1.683127498e-03
6.302552132e-01 1.602759960e-03
6.305885465e-01 1.386016477e-03
6.309218799e-01 1.550468065e-03
6.312552132e-01 1.676873486e-03
6.315885465e-01 1.385576534e-03
6.319218799e-01 1.662585477e-03
6.322552132e-01 1.517376803e-03
6.325885465e-01 1.580696403e-03
6.329218799e-01 1.544880306e-03
6.332552132e-01 1.432181567e-03
6.335885465e-01 1.438917995e-03
6.339218799e-01 1.463733136e-03
6.342552132e-01 1.634227208e-03
6.345885465e-01 1.457349852e-03
6.349218799e-01 1.547354516e-03
6.352552132e-01 1.631905079e-03
6.355885465e-01 1.516831582e-03
6.359218799e-01 1.480357942e-03
6.362552132e-01 1.591799175e-03
6.365885465e-01 1.558816707e-03
6.369218799e-01 1.505697888e-03
6.372552132e-01 1.422581302e-03
6.375885465e-01 1.501739010e-03
6.379218799e-01 1.613880481e-03
6.382552132e-01 1.423353794e-03
6.385885465e-01 1.471954641e-03
6.389218799e-01 1.498027290e-03
6.392552132e-01 1.372288146e-03
6.395885465e-01 1.585672839e-03
6.399218799e-01 1.513663740e-03
6.402552132e-01 1.691858561e-03
6.405885465e-01 1.491496829e-03
6.409218799e-01 1.536032019e-03
6.412552132e-01 1.545299525e-03
6.415885465e-01 1.471297637e-03
6.419218799e-01 1.557823622e-03
6.422552132e-01 1.510721144e-03
6.425885465e-01 1.624798314e-03
6.429218799e-01 1.441264956e-03
6.432552132e-01 1.691634097e-03
6.435885465e-01 1.692966901e-03
6.439218799e-01 1.516124338e-03
6.442552132e-01 1.457929644e-03
6.445885465e-01 1.629710871e-03
6.449218799e-01 1.609278627e-03
6.452552132e-01 1.641042931e-03
6.455885465e-01 1.563995714e-03
6.459218799e-01 1.428444291e-03
6.462552132e-01 1.423689264e-03
6.465885465e-01 1.458037582e-03
6.469218799e-01 1.622791319e-03
6.472552132e-01 1.564871759e-03
6.475885465e-01 1.516057768e-03
6.479218799e-01 1.426590150e-03
6.482552132e-01 1.480766322e-03
6.485885465e-01 1.574713232e-03
6.489218799e-01 1.533800705e-03
6.492552132e-01 1.614003765e-03
6.495885465e-01 1.582165759e-03
6.499218799e-01 1.421258814e-03
6.502552132e-01 1.429406988e-03
6.505885465e-01 1.575718009e-03
6.509218799e-01 1.547736863e-03
6.512552132e-01 1.600374416e-03
6.515885465e-01 1.422573791e-03
6.519218799e-01 1.653878263e-03
6.522552132e-01 1.459662633e-03
6.525885465e-01 1.568047019e-03
6.529218799e-01 1.580049476e-03
6.532552132e-01 1.535587963e-03
6.535885465e-01 1.560962289e-03
6.539218799e-01 1.574251675e-03
6.542552132e-01 1.686235049e-03
6.545885465e-01 1.653368789e-03
6.549218799e-01 1.505060169e-03
6.552552132e-01 1.596565391e-03
6.555885465e-01 1.595417519e-03
6.559218799e-01 1.370015758e-03
6.562552132e-01 1.659256959e-03
6.565885465e-01 1.653308120e-03
6.569218799e-01 1.462208728e-03
6.572552132e-01 1.582824377e-03
6.575885465e-01 1.518910013e-03
6.579218799e-01 1.612283992e-03
6.582552132e-01 1.643386041e-03
6.585885465e-01 1.633601861e-03
6.589218799e-01 1.487543419e-03
6.592552132e-01 1.477686937e-03
6.595885465e-01 1.548059803e-03
6.599218799e-01 1.370117335e-03
6.602552132e-01 1.532641212e-03
6.605885465e-01 1.611116214e-03
6.609218799e-01 1.579438722e-03
6.612552132e-01 1.380602065e-03
6.615885465e-01 1.511668559e-03
6.619218799e-01 1.635477705e-03
6.622552132e-01 1.667899442e-03
6.625885465e-01 1.604704220e-03
6.629218799e-01 1.503518325e-03
6.632552132e-01 1.547896416e-03
6.635885465e-01 1.440193571e-03
6.639218799e-01 1.697669216e-03
6.642552132e-01 1.421957234e-03
6.645885465e-01 1.426191627e-03
6.649218799e-01 1.650754869e-03
6.652552132e-01 1.560021449e-03
6.655885465e-01 1.655714906e-03
6.659218799e-01 1.545750774e-03
6.662552132e-01 1.562902751e-03
6.665885465e-01 1.614457891e-03
6.669218799e-01 1.498498729e-03
6.672552132e-01 1.657838448e-03
6.675885465e-01 1.496629694e-03
6.679218799e-01 1.650043285e-03
6.682552132e-01 1.569377425e-03
6.685885465e-01 1.439224487e-03
6.689218799e-01 1.582807658e-03
6.692552132e-01 1.689370440e-03
6.695885465e-01 1.549314763e-03
6.699218799e-01 1.429891201e-03
6.702552132e-01 1.691798575e-03
6.705885465e-01 1.380887159e-03
6.709218799e-01 1.673225644e-03
6.712552132e-01 1.570075893e-03
6.715885465e-01 1.393614848e-03
6.719218799e-01 1.483640179e-03
6.722552132e-01 1.504253251e-03
6.725885465e-01 1.693500947e-03
6.729218799e-01 1.386951384e-03
6.732552132e-01 1.639665546e-03
6.735885465e-01 1.539911644e-03
6.739218799e-01 1.458946206e-03
6.742552132e-01 1.635756308e-03
6.745885465e-01 1.593577378e-03
6.749218799e-01 1.516799945e-03
6.752552132e-01 1.584793559e-03
6.755885465e-01 1.451834804e-03
6.759218799e-01 1.470704415e-03
6.762552132e-01 1.428687477e-03
6.765885465e-01 1.646167603e-03
6.769218799e-01 1.383212583e-03
6.772552132e-01 1.558523371e-03
6.775885465e-01 1.601963429e-03
6.779218799e-01 1.511086526e-03
6.782552132e-01 1.506431102e-03
6.785885465e-01 1.469158822e-03
6.789218799e-01 1.581415827e-03
6.792552132e-01 1.386963746e-03
6.795885465e-01 1.456207745e-03
6.799218799e-01 1.428362562e-03
6.802552132e-01 1.447773733e-03
6.805885465e-01 1.445545244e-03
6.809218799e-01 1.440075443e-03
6.812552132e-01 1.418445221e-03
6.815885465e-01 1.646353762e-03
6.819218799e-01 1.464376356e-03
6.822552132e-01 1.532724896e-03
6.825885465e-01 1.447866599e-03
6.829218799e-01 1.455090303e-03
6.832552132e-01 1.550176020e-03
6.835885465e-01 1.384651950e-03
6.839218799e-01 1.625408476e-03
6.842552132e-01 1.639482135e-03
6.845885465e-01 1.650721541e-03
6.849218799e-01 1.515919169e-03
6.852552132e-01 1.453168752e-03
6.855885465e-01 1.532355121e-03
6.859218799e-01 1.597880667e-03
6.862552132e-01 1.553953193e-03
6.865885465e-01 1.591075949e-03
6.869218799e-01 1.540701603e-03
6.872552132e-01 1.567105750e-03
6.875885465e-01 1.446159259e-03
6.879218799e-01 1.439178263e-03
6.882552132e-01 1.374658789e-03
6.885885465e-01 1.582343482e-03
6.889218799e-01 1.538043471e-03
6.892552132e-01 1.585734261e-03
6.895885465e-01 1.598920122e-03
6.899218799e-01 1.623817351e-03
6.902552132e-01 1.643616190e-03
6.905885465e-01 1.676166448e-03
6.909218799e-01 1.698788404e-03
6.912552132e-01 1.379737317e-03
6.915885465e-01 1.390610552e-03
6.919218799e-01 1.641094242e-03
6.922552132e-01 1.473352266e-03
6.925885465e-01 1.552527215e-03
6.929218799e-01 1.384772441e-03
6.932552132e-01 1.557540661e-03
6.935885465e-01 1.398421143e-03
6.939218799e-01 1.398428775e-03
6.942552132e-01 1.478573321e-03
6.945885465e-01 1.666813921e-03
6.949218799e-01 1.678014075e-03
6.952552132e-01 1.623309357e-03
6.955885465e-01 1.415419308e-03
6.959218799e-01 1.505758923e-03
6.962552132e-01 1.516532835e-03
6.965885465e-01 1.598001720e-03
6.969218799e-01 1.392083824e-03
6.972552132e-01 1.685769783e-03
6.975885465e-01 1.460262532e-03
6.979218799e-01 1.466684520e-03
6.982552132e-01 1.420009183e-03
6.985885465e-01 1.463268816e-03
6.989218799e-01 1.677328515e-03
6.992552132e-01 1.586306176e-03
6.995885465e-01 1.677209599e-03
6.999218799e-01 1.571074818e-03
7.002552132e-01 1.504902692e-03
7.005885465e-01 1.615557929e-03
7.009218799e-01 1.541926373e-03
7.012552132e-01 1.498329162e-03
7.015885465e-01 1.623219596e-03
7.019218799e-01 1.560414216e-03
7.022552132e-01 1.433920295e-03
7.025885465e-01 1.391021678e-03
7.029218799e-01 1.407344165e-03
7.032552132e-01 1.446381712e-03
7.035885465e-01 1.576204215e-03
7.039218799e-01 1.433360077e-03
7.042552132e-01 1.472358139e-03
7.045885465e-01 1.682278063e-03
7.049218799e-01 1.394294059e-03
7.052552132e-01 1.444445133e-03
7.055885465e-01 1.599613189e-03
7.059218799e-01 1.437025311e-03
7.062552132e-01 1.577468834e-03
7.065885465e-01 1.410030293e-03
7.069218799e-01 1.662197450e-03
7.072552132e-01 1.596675885e-03
7.075885465e-01 1.389542769e-03
7.079218799e-01 1.416155467e-03
7.082552132e-01 1.690342007e-03
7.085885465e-01 1.436486329e-03
7.089218799e-01 1.506311426e-03
7.092552132e-01 1.661177090e-03
7.095885465e-01 1.649585155e-03
7.099218799e-01 1.476933083e-03
7.102552132e-01 1.525616699e-03
7.105885465e-01 1.447805362e-03
7.109218799e-01 1.385761243e-03
7.112552132e-01 1.694099344e-03
7.115885465e-01 1.572643495e-03
7.119218799e-01 1.635442502e-03
7.122552132e-01 1.547594572e-03
7.125885465e-01 1.632930810e-03
7.129218799e-01 1.652783865e-03
7.132552132e-01 1.581211080e-03
7.135885465e-01 1.705537513e-03
7.139218799e-01 1.521832378e-03
7.142552132e-01 1.640701420e-03
7.145885465e-01 1.470645206e-03
7.149218799e-01 1.496812609e-03
7.152552132e-01 1.660983587e-03
7.155885465e-01 1.541031046e-03
7.159218799e-01 1.388985762e-03
7.162552132e-01 1.390521443e-03
7.165885465e-01 1.410964998e-03
7.169218799e-01 1.424767071e-03
7.172552132e-01 1.678422465e-03
7.175885465e-01 1.633297003e-03
7.179218799e-01 1.439918499e-03
7.182552132e-01 1.386805788e-03
7.185885465e-01 1.615819390e-03
7.189218799e-01 1.501871055e-03
7.192552132e-01 1.518535946e-03
7.195885465e-01 1.569034376e-03
7.199218799e-01 1.443446594e-03
7.202552132e-01 1.620745227e-03
7.205885465e-01 1.386546411e-03
7.209218799e-01 1.516433090e-03
7.212552132e-01 1.631640059e-03
7.215885465e-01 1.705731791e-03
7.219218799e-01 1.380781724e-03
7.222552132e-01 1.558740130e-03
7.225885465e-01 1.544936353e-03
7.229218799e-01 1.638608270e-03
7.232552132e-01 1.503038801e-03
7.235885465e-01 1.417614635e-03
7.239218799e-01 1.635565373e-03
7.242552132e-01 1.649576480e-03
7.245885465e-01 1.682973727e-03
7.249218799e-01 1.397487279e-03
7.252552132e-01 1.437618143e-03
7.255885465e-01 1.635138713e-03
7.259218799e-01 1.562985394e-03
7.262552132e-01 1.451023302e-03
7.265885465e-01 1.650031871e-03
7.269218799e-01 1.598274418e-03
7.272552132e-01 1.500066701e-03
7.275885465e-01 1.619349625e-03
7.279218799e-01 1.522418996e-03
7.282552132e-01 1.564118386e-03
7.285885465e-01 1.630240867e-03
7.289218799e-01 1.428942766e-03
7.292552132e-01 1.689979406e-03
7.295885465e-01 1.439385688e-03
7.299218799e-01 1.621871584e-03
7.302552132e-01 1.423939335e-03
7.305885465e-01 1.683929801e-03
7.309218799e-01 1.632169090e-03
7.312552132e-01 1.564075720e-03
7.315885465e-01 1.605892014e-03
7.319218799e-01 1.628175218e-03
7.322552132e-01 1.568417290e-03
7.325885465e-01 1.454810822e-03
7.329218799e-01 1.463242408e-03
7.332552132e-01 1.497108546e-03
7.335885465e-01 1.581218083e-03
7.339218799e-01 1.504177635e-03
7.342552132e-01 1.422613302e-03
7.345885465e-01 1.520686062e-03
7.349218799e-01 1.476994967e-03
7.352552132e-01 1.443229617e-03
7.355885465e-01 1.581385332e-03
7.359218799e-01 1.401833553e-03
7.362552132e-01 1.629200291e-03
7.365885465e-01 1.655345977e-03
7.369218799e-01 1.674754823e-03
7.372552132e-01 1.516982822e-03
7.375885465e-01 1.444872830e-03
7.379218799e-01 1.583516630e-03
7.382552132e-01 1.662099354e-03
7.385885465e-01 1.631640765e-03
7.389218799e-01 1.503025716e-03
7.392552132e-01 1.380262335e-03
7.395885465e-01 1.610792373e-03
7.399218799e-01 1.564868918e-03
7.402552132e-01 1.624543404e-03
7.405885465e-01 1.657093154e-03
7.409218799e-01 1.537778785e-03
7.412552132e-01 1.545644504e-03
7.415885465e-01 1.510052819e-03
7.419218799e-01 1.432506672e-03
7.422552132e-01 1.462607514e-03
7.425885465e-01 1.700543144e-03
7.429218799e-01 1.509342430e-03
7.432552132e-01 1.547826751e-03
7.435885465e-01 1.486247070e-03
7.439218799e-01 1.712441103e-03
7.442552132e-01 1.673836843e-03
7.445885465e-01 1.530644687e-03
7.449218799e-01 1.521529997e-03
7.452552132e-01 1.439186483e-03
7.455885465e-01 1.595514144e-03
7.459218799e-01 1.391173658e-03
7.462552132e-01 1.462563515e-03
7.465885465e-01 1.512876387e-03
7.469218799e-01 1.667966720e-03
7.472552132e-01 1.425383880e-03
7.475885465e-01 1.651209865e-03
7.479218799e-01 1.400808645e-03
7.482552132e-01 1.630154702e-03
7.485885465e-01 1.601181833e-03
7.489218799e-01 1.653607104e-03
7.492552132e-01 1.420956517e-03
7.495885465e-01 1.602505331e-03
7.499218799e-01 1.552079027e-03
7.502552132e-01 1.606790031e-03
7.505885465e-01 1.514631701e-03
7.509218799e-01 1.496706842e-03
7.512552132e-01 1.432055164e-03
7.515885465e-01 1.681047564e-03
7.519218799e-01 1.627482689e-03
7.522552132e-01 1.485236524e-03
7.525885465e-01 1.430948086e-03
7.529218799e-01 1.615270483e-03
7.532552132e-01 1.615108574e-03
7.535885465e-01 1.599256082e-03
7.539218799e-01 1.388617082e-03
7.542552132e-01 1.614600815e-03
7.545885465e-01 1.560095662e-03
7.549218799e-01 1.539549432e-03
7.552552132e-01 1.423036724e-03
7.555885465e-01 1.619472965e-03
7.559218799e-01 1.421872628e-03
7.562552132e-01 1.434304325e-03
7.565885465e-01 1.702081971e-03
7.569218799e-01 1.554746046e-03
7.572552132e-01 1.388886274e-03
7.575885465e-01 1.414032602e-03
7.579218799e-01 1.492474175e-03
7.582552132e-01 1.409498021e-03
7.585885465e-01 1.663941902e-03
7.589218799e-01 1.713362095e-03
7.592552132e-01 1.682762691e-03
7.595885465e-01 1.704507456e-03
7.599218799e-01 1.602094590e-03
7.602552132e-01 1.521020335e-03
7.605885465e-01 1.597427548e-03
7.609218799e-01 1.402807788e-03
7.612552132e-01 1.637093435e-03
7.615885465e-01 1.648800388e-03
7.619218799e-01 1.703124438e-03
7.622552132e-01 1.550463276e-03
7.625885465e-01 1.419875457e-03
7.629218799e-01 1.419862453e-03
7.632552132e-01 1.451475063e-03
7.635885465e-01 1.654010035e-03
7.639218799e-01 1.638095895e-03
7.642552132e-01 1.459020856e-03
7.645885465e-01 1.554157566e-03
7.649218799e-01 1.483689605e-03
7.652552132e-01 1.617352992e-03
7.655885465e-01 1.595928308e-03
7.659218799e-01 1.388514560e-03
7.662552132e-01 1.657862240e-03
7.665885465e-01 1.648820540e-03
7.669218799e-01 1.709135718e-03
7.672552132e-01 1.497765409e-03
7.675885465e-01 1.656148533e-03
7.679218799e-01 1.408227957e-03
7.682552132e-01 1.608583801e-03
7.685885465e-01 1.683942006e-03
7.689218799e-01 1.690416538e-03
7.692552132e-01 1.606810459e-03
7.695885465e-01 1.651520469e-03
7.699218799e-01 1.679690967e-03
7.702552132e-01 1.493623214e-03
7.705885465e-01 1.457210153e-03
7.709218799e-01 1.561739037e-03
7.712552132e-01 1.514336024e-03
7.715885465e-01 1.712159766e-03
7.719218799e-01 1.495013419e-03
7.722552132e-01 1.501885595e-03
7.725885465e-01 1.546999306e-03
7.729218799e-01 1.532549595e-03
7.732552132e-01 1.539359880e-03
7.735885465e-01 1.616037307e-03
7.739218799e-01 1.470740329e-03
7.742552132e-01 1.461587562e-03
7.745885465e-01 1.692474360e-03
7.749218799e-01 1.642265162e-03
7.752552132e-01 1.562595495e-03
7.755885465e-01 1.593763399e-03
7.759218799e-01 1.522080560e-03
7.762552132e-01 1.568281512e-03
7.765885465e-01 1.535414789e-03
7.769218799e-01 1.454641267e-03
7.772552132e-01 1.561108405e-03
7.775885465e-01 1.650155706e-03
7.779218799e-01 1.394382965e-03
7.782552132e-01 1.586213843e-03
7.785885465e-01 1.542234627e-03
7.789218799e-01 1.695104388e-03
7.792552132e-01 1.560027421e-03
7.795885465e-01 1.432393072e-03
7.799218799e-01 1.629923782e-03
7.802552132e-01 1.522968241e-03
7.805885465e-01 1.542550393e-03
7.809218799e-01 1.703618954e-03
7.812552132e-01 1.701143200e-03
7.815885465e-01 1.673273233e-03
7.819218799e-01 1.698783087e-03
7.822552132e-01 1.479111862e-03
7.825885465e-01 1.458064940e-03
7.829218799e-01 1.528639363e-03
7.832552132e-01 1.627802611e-03
7.835885465e-01 1.613516814e-03
7.839218799e-01 1.427386163e-03
7.842552132e-01 1.714536590e-03
7.845885465e-01 1.691048841e-03
7.849218799e-01 1.402422461e-03
7.852552132e-01 1.639314487e-03
7.855885465e-01 1.536107859e-03
7.859218799e-01 1.611933495e-03
7.862552132e-01 1.443760119e-03
7.865885465e-01 1.386705205e-03
7.869218799e-01 1.429614871e-03
7.872552132e-01 1.513952051e-03
7.875885465e-01 1.563315011e-03
7.879218799e-01 1.695222704e-03
7.882552132e-01 1.523737860e-03
7.885885465e-01 1.431549074e-03
7.889218799e-01 1.519428250e-03
7.892552132e-01 1.500763860e-03
7.895885465e-01 1.606782122e-03
7.899218799e-01 1.566977622e-03
7.902552132e-01 1.412461273e-03
7.905885465e-01 1.411474650e-03
7.909218799e-01 1.391202949e-03
7.912552132e-01 1.397705799e-03
7.915885465e-01 1.394194051e-03
7.919218799e-01 1.679336337e-03
7.922552132e-01 1.711299652e-03
7.925885465e-01 1.488067282e-03
7.929218799e-01 1.418779906e-03
7.932552132e-01 1.521268229e-03
7.935885465e-01 1.397149683e-03
7.939218799e-01 1.646860411e-03
7.942552132e-01 1.563168641e-03
7.945885465e-01 1.392817738e-03
7.949218799e-01 1.618991257e-03
7.952552132e-01 1.579956972e-03
7.955885465e-01 1.646448618e-03
7.959218799e-01 1.436032690e-03
7.962552132e-01 1.472774546e-03
7.965885465e-01 1.704376645e-03
7.969218799e-01 1.436856291e-03
7.972552132e-01 1.516458292e-03
7.975885465e-01 1.499014706e-03
7.979218799e-01 1.614141107e-03
7.982552132e-01 1.492267918e-03
7.985885465e-01 1.636623266e-03
7.989218799e-01 1.659511314e-03
7.992552132e-01 1.625467726e-03
7.995885465e-01 1.417775766e-03
7.999218799e-01 1.546632483e-03
8.002552132e-01 1.472734794e-03
8.005885465e-01 1.443810208e-03
8.009218799e-01 1.571630683e-03
8.012552132e-01 1.477411664e-03
8.015885465e-01 1.454940290e-03
8.019218799e-01 1.579199371e-03
8.022552132e-01 1.436739649e-03
8.025885465e-01 1.446181927e-03
8.029218799e-01 1.680492299e-03
8.032552132e-01 1.468695518e-03
8.035885465e-01 1.580576429e-03
8.039218799e-01 1.690718555e-03
8.042552132e-01 1.395249460e-03
8.045885465e-01 1.423388883e-03
8.049218799e-01 1.696463713e-03
8.052552132e-01 1.627118402e-03
8.055885465e-01 1.616173795e-03
8.059218799e-01 1.622357184e-03
8.062552132e-01 1.675879516e-03
8.065885465e-01 1.701626995e-03
8.069218799e-01 1.606029369e-03
8.072552132e-01 1.391981557e-03
8.075885465e-01 1.497281239e-03
8.079218799e-01 1.717523555e-03
8.082552132e-01 1.618552327e-03
8.085885465e-01 1.601928995e-03
8.089218799e-01 1.633143491e-03
8.092552132e-01 1.557010469e-03
8.095885465e-01 1.506293697e-03
8.099218799e-01 1.663099706e-03
8.102552132e-01 1.715773531e-03
8.105885465e-01 1.591109192e-03
8.109218799e-01 1.718940727e-03
8.112552132e-01 1.566051797e-03
8.115885465e-01 1.680451866e-03
8.119218799e-01 1.452428780e-03
8.122552132e-01 1.423749008e-03
8.125885465e-01 1.395639423e-03
8.129218799e-01 1.510342006e-03
8.132552132e-01 1.715922656e-03
8.135885465e-01 1.475966330e-03
8.139218799e-01 1.702499855e-03
8.142552132e-01 1.684839320e-03
8.145885465e-01 1.482697247e-03
8.149218799e-01 1.403986866e-03
8.152552132e-01 1.659351156e-03
8.155885465e-01 1.721147092e-03
8.159218799e-01 1.631442082e-03
8.162552132e-01 1.559606397e-03
8.165885465e-01 1.674874624e-03
8.169218799e-01 1.610867044e-03
8.172552132e-01 1.443383675e-03
8.175885465e-01 1.677887356e-03
8.179218799e-01 1.719129382e-03
8.182552132e-01 1.438504909e-03
8.185885465e-01 1.573987269e-03
8.189218799e-01 1.598555859e-03
8.192552132e-01 1.682429103e-03
8.195885465e-01 1.408394985e-03
8.199218799e-01 1.715530007e-03
8.202552132e-01 1.622825787e-03
8.205885465e-01 1.401415346e-03
8.209218799e-01 1.583835870e-03
8.212552132e-01 1.618913019e-03
8.215885465e-01 1.577896807e-03
8.219218799e-01 1.541333882e-03
8.222552132e-01 1.681671084e-03
8.225885465e-01 1.611924897e-03
8.229218799e-01 1.547202175e-03
8.232552132e-01 1.468858406e-03
8.235885465e-01 1.604642640e-03
8.239218799e-01 1.633246687e-03
8.242552132e-01 1.448052861e-03
8.245885465e-01 1.566126303e-03
8.249218799e-01 1.392538011e-03
8.252552132e-01 1.461916862e-03
8.255885465e-01 1.501970978e-03
8.259218799e-01 1.723461662e-03
8.262552132e-01 1.703085201e-03
8.265885465e-01 1.671253320e-03
8.269218799e-01 1.674628578e-03
8.272552132e-01 1.590194207e-03
8.275885465e-01 1.724161952e-03
8.279218799e-01 1.628657210e-03
8.282552132e-01 1.585414508e-03
8.285885465e-01 1.438707415e-03
8.289218799e-01 1.478634658e-03
8.292552132e-01 1.459910163e-03
8.295885465e-01 1.397025921e-03
8.299218799e-01 1.496201978e-03
8.302552132e-01 1.451228759e-03
8.305885465e-01 1.628923211e-03
8.309218799e-01 1.506638398e-03
8.312552132e-01 1.644035265e-03
8.315885465e-01 1.523423085e-03
8.319218799e-01 1.693404937e-03
8.322552132e-01 1.460855080e-03
8.325885465e-01 1.480529627e-03
8.329218799e-01 1.580714809e-03
8.332552132e-01 1.616725071e-03
8.335885465e-01 1.558005347e-03
8.339218799e-01 1.460590918e-03
8.342552132e-01 1.525154707e-03
8.345885465e-01 1.614523961e-03
8.349218799e-01 1.635132436e-03
8.352552132e-01 1.526057386e-03
8.355885465e-01 1.684754934e-03
8.359218799e-01 1.412033626e-03
8.362552132e-01 1.524398685e-03
8.365885465e-01 1.662669189e-03
8.369218799e-01 1.691398740e-03
8.372552132e-01 1.473755121e-03
8.375885465e-01 1.527540643e-03
8.379218799e-01 1.690187319e-03
8.382552132e-01 1.710321662e-03
8.385885465e-01 1.720813843e-03
8.389218799e-01 1.403369445e-03
8.392552132e-01 1.463380375e-03
8.395885465e-01 1.455097394e-03
8.399218799e-01 1.408051412e-03
8.402552132e-01 1.567187715e-03
8.405885465e-01 1.513880821e-03
8.409218799e-01 1.644478589e-03
8.412552132e-01 1.681279367e-03
8.415885465e-01 1.431985286e-03
8.419218799e-01 1.441920144e-03
8.422552132e-01 1.648652035e-03
8.425885465e-01 1.500090682e-03
8.429218799e-01 1.529649329e-03
8.432552132e-01 1.503182302e-03
8.435885465e-01 1.723913769e-03
8.439218799e-01 1.694701907e-03
8.442552132e-01 1.570769658e-03
8.445885465e-01 1.522680776e-03
8.449218799e-01 1.582787355e-03
8.452552132e-01 1.479412760e-03
8.455885465e-01 1.655531331e-03
8.459218799e-01 1.540951285e-03
8.462552132e-01 1.498137866e-03
8.465885465e-01 1.453237304e-03
8.469218799e-01 1.476876894e-03
8.472552132e-01 1.462742150e-03
8.475885465e-01 1.533480417e-03
8.479218799e-01 1.610854633e-03
8.482552132e-01 1.425982328e-03
8.485885465e-01 1.516804025e-03
8.489218799e-01 1.604619499e-03
8.492552132e-01 1.435585198e-03
8.495885465e-01 1.586366883e-03
8.499218799e-01 1.665848426e-03
8.502552132e-01 1.449717185e-03
8.505885465e-01 1.426250869e-03
8.509218799e-01 1.452374541e-03
8.512552132e-01 1.700123415e-03
8.515885465e-01 1.713406881e-03
8.519218799e-01 1.490185467e-03
8.522552132e-01 1.414484849e-03
8.525885465e-01 1.634449183e-03
8.529218799e-01 1.595948717e-03
8.532552132e-01 1.549755704e-03
8.535885465e-01 1.409868626e-03
8.539218799e-01 1.592048566e-03
8.542552132e-01 1.516592621e-03
8.545885465e-01 1.586055548e-03
8.549218799e-01 1.720095518e-03
8.552552132e-01 1.704695054e-03
8.555885465e-01 1.670732280e-03
8.559218799e-01 1.647506371e-03
8.562552132e-01 1.517474736e-03
8.565885465e-01 1.440647408e-03
8.569218799e-01 1.705803127e-03
8.572552132e-01 1.599359929e-03
8.575885465e-01 1.508346695e-03
8.579218799e-01 1.510856176e-03
8.582552132e-01 1.481736014e-03
8.585885465e-01 1.539132619e-03
8.589218799e-01 1.632412597e-03
8.592552132e-01 1.691056700e-03
8.595885465e-01 1.579367786e-03
8.599218799e-01 1.490044889e-03
8.602552132e-01 1.628119299e-03
8.605885465e-01 1.633581232e-03
8.609218799e-01 1.520740764e-03
8.612552132e-01 1.684887582e-03
8.615885465e-01 1.604713782e-03
8.619218799e-01 1.505105498e-03
8.622552132e-01 1.445979610e-03
8.625885465e-01 1.623387224e-03
8.629218799e-01 1.410358630e-03
8.632552132e-01 1.646014290e-03
8.635885465e-01 1.443844229e-03
8.639218799e-01 1.424210552e-03
8.642552132e-01 1.508661470e-03
8.645885465e-01 1.564317442e-03
8.649218799e-01 1.614095326e-03
8.652552132e-01 1.499201505e-03
8.655885465e-01 1.539405629e-03
8.659218799e-01 1.555169344e-03
8.662552132e-01 1.416998212e-03
8.665885465e-01 1.660452621e-03
8.669218799e-01 1.599337587e-03
8.672552132e-01 1.726270743e-03
8.675885465e-01 1.529897180e-03
8.679218799e-01 1.711050796e-03
8.682552132e-01 1.507108640e-03
8.685885465e-01 1.614896780e-03
8.689218799e-01 1.520062190e-03
8.692552132e-01 1.409348525e-03
8.695885465e-01 1.575729272e-03
8.699218799e-01 1.702487596e-03
8.702552132e-01 1.502399519e-03
8.705885465e-01 1.473469818e-03
8.709218799e-01 1.605638541e-03
8.712552132e-01 1.625991788e-03
8.715885465e-01 1.427824019e-03
8.719218799e-01 1.479767380e-03
8.722552132e-01 1.400460772e-03
8.725885465e-01 1.476448868e-03
8.729218799e-01 1.705748255e-03
8.732552132e-01 1.413361454e-03
8.735885465e-01 1.724953601e-03
8.739218799e-01 1.418697976e-03
8.742552132e-01 1.439959205e-03
8.745885465e-01 1.502617301e-03
8.749218799e-01 1.585299335e-03
8.752552132e-01 1.656286794e-03
8.755885465e-01 1.603999404e-03
8.759218799e-01 1.726833889e-03
8.762552132e-01 1.480200046e-03
8.765885465e-01 1.623023166e-03
8.769218799e-01 1.655927025e-03
8.772552132e-01 1.681459770e-03
8.775885465e-01 1.617830992e-03
8.779218799e-01 1.454309558e-03
8.782552132e-01 1.660944180e-03
8.785885465e-01 1.726654831e-03
8.789218799e-01 1.670869780e-03
8.792552132e-01 1.449284711e-03
8.795885465e-01 1.404229920e-03
8.799218799e-01 1.514773830e-03
8.802552132e-01 1.419895289e-03
8.805885465e-01 1.508033951e-03
8.809218799e-01 1.589596346e-03
8.812552132e-01 1.626834704e-03
8.815885465e-01 1.401941446e-03
8.819218799e-01 1.618617564e-03
8.822552132e-01 1.707747431e-03
8.825885465e-01 1.403495704e-03
8.829218799e-01 1.696108048e-03
8.832552132e-01 1.681152088e-03
8.835885465e-01 1.417795005e-03
8.839218799e-01 1.688614264e-03
8.842552132e-01 1.700684105e-03
8.845885465e-01 1.458536332e-03
8.849218799e-01 1.458628427e-03
8.852552132e-01 1.553328366e-03
8.855885465e-01 1.715449440e-03
8.859218799e-01 1.663202190e-03
8.862552132e-01 1.547351316e-03
8.865885465e-01 1.462786574e-03
8.869218799e-01 1.553310460e-03
8.872552132e-01 1.470311452e-03
8.875885465e-01 1.411227453e-03
8.879218799e-01 1.438070550e-03
8.882552132e-01 1.524831421e-03
8.885885465e-01 1.672330013e-03
8.889218799e-01 1.431498387e-03
8.892552132e-01 1.462422158e-03
8.895885465e-01 1.721616955e-03
8.899218799e-01 1.435678471e-03
8.902552132e-01 1.577094074e-03
8.905885465e-01 1.408024910e-03
8.909218799e-01 1.543506325e-03
8.912552132e-01 1.433098883e-03
8.915885465e-01 1.634549295e-03
8.919218799e-01 1.545085328e-03
8.922552132e-01 1.651301869e-03
8.925885465e-01 1.608496672e-03
8.929218799e-01 1.548062157e-03
8.932552132e-01 1.613505546e-03
8.935885465e-01 1.555692218e-03
8.939218799e-01 1.565181771e-03
8.942552132e-01 1.568058894e-03
8.945885465e-01 1.522263207e-03
8.949218799e-01 1.622886112e-03
8.952552132e-01 1.625803110e-03
8.955885465e-01 1.674655133e-03
8.959218799e-01 1.604013540e-03
8.962552132e-01 1.554631040e-03
8.965885465e-01 1.487579932e-03
8.969218799e-01 1.665654663e-03
8.972552132e-01 1.706743774e-03
8.975885465e-01 1.556641372e-03
8.979218799e-01 1.675579808e-03
8.982552132e-01 1.410126377e-03
8.985885465e-01 1.680065866e-03
8.989218799e-01 1.613117237e-03
8.992552132e-01 1.440113181e-03
8.995885465e-01 1.407590764e-03
8.999218799e-01 1.599784581e-03
9.002552132e-01 1.474123013e-03
9.005885465e-01 1.582963826e-03
9.009218799e-01 1.606036099e-03
9.012552132e-01 1.615803556e-03
9.015885465e-01 1.614184528e-03
9.019218799e-01 1.505321471e-03
9.022552132e-01 1.425572541e-03
9.025885465e-01 1.530117626e-03
9.029218799e-01 1.711730267e-03
9.032552132e-01 1.571494376e-03
9.035885465e-01 1.408097059e-03
9.039218799e-01 1.531843906e-03
9.042552132e-01 1.734378426e-03
9.045885465e-01 1.573805747e-03
9.049218799e-01 1.651704412e-03
9.052552132e-01 1.621475998e-03
9.055885465e-01 1.463767803e-03
9.059218799e-01 1.590465968e-03
9.062552132e-01 1.489543428e-03
9.065885465e-01 1.615733525e-03
9.069218799e-01 1.675328029e-03
9.072552132e-01 1.419094326e-03
9.075885465e-01 1.586320962e-03
9.079218799e-01 1.495760484e-03
9.082552132e-01 1.691745960e-03
9.085885465e-01 1.593466565e-03
9.089218799e-01 1.439459632e-03
9.092552132e-01 1.568443861e-03
9.095885465e-01 1.630441115e-03
9.099218799e-01 1.443859127e-03
9.102552132e-01 1.431651193e-03
9.105885465e-01 1.701267555e-03
9.109218799e-01 1.623473714e-03
9.112552132e-01 1.634285376e-03
9.115885465e-01 1.580283175e-03
9.119218799e-01 1.500817611e-03
9.122552132e-01 1.736046844e-03
9.125885465e-01 1.602242999e-03
9.129218799e-01 1.627269795e-03
9.132552132e-01 1.710725603e-03
9.135885465e-01 1.436633124e-03
9.139218799e-01 1.631543183e-03
9.142552132e-01 1.505359743e-03
9.145885465e-01 1.433749011e-03
9.149218799e-01 1.468033610e-03
9.152552132e-01 1.419696043e-03
9.155885465e-01 1.651137430e-03
9.159218799e-01 1.527661024e-03
9.162552132e-01 1.605968802e-03
9.165885465e-01 1.736434820e-03
9.169218799e-01 1.739095670e-03
9.172552132e-01 1.543611771e-03
9.175885465e-01 1.417791227e-03
9.179218799e-01 1.587625846e-03
9.182552132e-01 1.634861924e-03
9.185885465e-01 1.704973969e-03
9.189218799e-01 1.443142962e-03
9.192552132e-01 1.669652536e-03
9.195885465e-01 1.535362560e-03
9.199218799e-01 1.668809215e-03
9.202552132e-01 1.708683865e-03
9.205885465e-01 1.562133010e-03
9.209218799e-01 1.631809739e-03
9.212552132e-01 1.593837584e-03
9.215885465e-01 1.458045417e-03
9.219218799e-01 1.473666963e-03
9.222552132e-01 1.689509583e-03
9.225885465e-01 1.455560313e-03
9.229218799e-01 1.670658335e-03
9.232552132e-01 1.578141397e-03
9.235885465e-01 1.427594903e-03
9.239218799e-01 1.701880737e-03
9.242552132e-01 1.470887474e-03
9.245885465e-01 1.527437813e-03
9.249218799e-01 1.730059845e-03
9.252552132e-01 1.533298101e-03
9.255885465e-01 1.541457783e-03
9.259218799e-01 1.642134770e-03
9.262552132e-01 1.655176844e-03
9.265885465e-01 1.408257853e-03
9.269218799e-01 1.639347730e-03
9.272552132e-01 1.654997516e-03
9.275885465e-01 1.545874812e-03
9.279218799e-01 1.651090988e-03
9.282552132e-01 1.503188893e-03
9.285885465e-01 1.441249090e-03
9.289218799e-01 1.616524125e-03
9.292552132e-01 1.540071161e-03
9.295885465e-01 1.704587726e-03
9.299218799e-01 1.412186237e-03
9.302552132e-01 1.469126703e-03
9.305885465e-01 1.673464684e-03
9.309218799e-01 1.567792428e-03
9.312552132e-01 1.694356370e-03
9.315885465e-01 1.527335599e-03
9.319218799e-01 1.619151236e-03
9.322552132e-01 1.427950107e-03
9.325885465e-01 1.476718664e-03
9.329218799e-01 1.667865062e-03
9.332552132e-01 1.691708643e-03
9.335885465e-01 1.647906940e-03
9.339218799e-01 1.688453513e-03
9.342552132e-01 1.653196253e-03
9.345885465e-01 1.711681269e-03
9.349218799e-01 1.475391487e-03
9.352552132e-01 1.642702889e-03
9.355885465e-01 1.504372781e-03
9.359218799e-01 1.609522625e-03
9.362552132e-01 1.544124281e-03
9.365885465e-01 1.418782838e-03
9.369218799e-01 1.610293605e-03
9.372552132e-01 1.442598377e-03
9.375885465e-01 1.666186614e-03
9.379218799e-01 1.415187895e-03
9.382552132e-01 1.685988719e-03
9.385885465e-01 1.428288060e-03
9.389218799e-01 1.448629395e-03
9.392552132e-01 1.561318433e-03
9.395885465e-01 1.560444647e-03
9.399218799e-01 1.411915707e-03
9.402552132e-01 1.565483073e-03
9.405885465e-01 1.621496227e-03
9.409218799e-01 1.677251733e-03
9.412552132e-01 1.725093297e-03
9.415885465e-01 1.574283504e-03
9.419218799e-01 1.462964674e-03
9.422552132e-01 1.602568301e-03
9.425885465e-01 1.593837127e-03
9.429218799e-01 1.531233260e-03
9.432552132e-01 1.528596347e-03
9.435885465e-01 1.543655141e-03
9.439218799e-01 1.437195947e-03
9.442552132e-01 1.475051974e-03
9.445885465e-01 1.454799865e-03
9.449218799e-01 1.740105367e-03
9.452552132e-01 1.541617949e-03
9.455885465e-01 1.688623570e-03
9.459218799e-01 1.502211949e-03
9.462552132e-01 1.742154016e-03
9.465885465e-01 1.490374258e-03
9.469218799e-01 1.511900815e-03
9.472552132e-01 1.609966595e-03
9.475885465e-01 1.523771211e-03
9.479218799e-01 1.435498931e-03
9.482552132e-01 1.615845575e-03
9.485885465e-01 1.467063921e-03
9.489218799e-01 1.454370546e-03
9.492552132e-01 1.655004744e-03
9.495885465e-01 1.618858339e-03
9.499218799e-01 1.605237377e-03
9.502552132e-01 1.657288826e-03
9.505885465e-01 1.441322634e-03
9.509218799e-01 1.483660997e-03
9.512552132e-01 1.591414112e-03
9.515885465e-01 1.423235636e-03
9.519218799e-01 1.648043681e-03
9.522552132e-01 1.644424098e-03
9.525885465e-01 1.615795370e-03
9.529218799e-01 1.498485021e-03
9.532552132e-01 1.432207672e-03
9.535885465e-01 1.734221457e-03
9.539218799e-01 1.631915984e-03
9.542552132e-01 1.459125514e-03
9.545885465e-01 1.465608055e-03
9.549218799e-01 1.676329860e-03
9.552552132e-01 1.455457601e-03
9.555885465e-01 1.596732092e-03
9.559218799e-01 1.621072207e-03
9.562552132e-01 1.547067675e-03
9.565885465e-01 1.594896902e-03
9.569218799e-01 1.700736588e-03
9.572552132e-01 1.648204596e-03
9.575885465e-01 1.460712244e-03
9.579218799e-01 1.480302511e-03
9.582552132e-01 1.672777527e-03
9.585885465e-01 1.665577763e-03
9.589218799e-01 1.536332312e-03
9.592552132e-01 1.716059877e-03
9.595885465e-01 1.576106892e-03
9.599218799e-01 1.743994275e-03
9.602552132e-01 1.576713441e-03
9.605885465e-01 1.488757790e-03
9.609218799e-01 1.440624856e-03
9.612552132e-01 1.648961584e-03
9.615885465e-01 1.668704905e-03
9.619218799e-01 1.452339341e-03
9.622552132e-01 1.552096617e-03
9.625885465e-01 1.568166180e-03
9.629218799e-01 1.656451038e-03
9.632552132e-01 1.638843771e-03
9.635885465e-01 1.588581782e-03
9.639218799e-01 1.645492879e-03
9.642552132e-01 1.525525916e-03
9.645885465e-01 1.635752557e-03
9.649218799e-01 1.699091952e-03
9.652552132e-01 1.456459207e-03
9.655885465e-01 1.679092660e-03
9.659218799e-01 1.550318939e-03
9.662552132e-01 1.665305361e-03
9.665885465e-01 1.480546656e-03
9.669218799e-01 1.732881193e-03
9.672552132e-01 1.620319655e-03
9.675885465e-01 1.716307969e-03
9.679218799e-01 1.447762489e-03
9.682552132e-01 1.688070210e-03
9.685885465e-01 1.643145854e-03
9.689218799e-01 1.700679581e-03
9.692552132e-01 1.478354145e-03
9.695885465e-01 1.613102973e-03
9.699218799e-01 1.530629324e-03
9.702552132e-01 1.476136869e-03
9.705885465e-01 1.443550451e-03
9.709218799e-01 1.606400063e-03
9.712552132e-01 1.503720242e-03
9.715885465e-01 1.679416111e-03
9.719218799e-01 1.528621259e-03
9.722552132e-01 1.542854746e-03
9.725885465e-01 1.484920088e-03
9.729218799e-01 1.683473651e-03
9.732552132e-01 1.452604171e-03
9.735885465e-01 1.710341078e-03
9.739218799e-01 1.525244808e-03
9.742552132e-01 1.684565238e-03
9.745885465e-01 1.488947317e-03
9.749218799e-01 1.747356481e-03
9.752552132e-01 1.636628421e-03
9.755885465e-01 1.531656528e-03
9.759218799e-01 1.679311241e-03
9.762552132e-01 1.439754879e-03
9.765885465e-01 1.449714818e-03
9.769218799e-01 1.745889557e-03
9.772552132e-01 1.425279790e-03
9.775885465e-01 1.655956904e-03
9.779218799e-01 1.714731992e-03
9.782552132e-01 1.458855438e-03
9.785885465e-01 1.596452288e-03
9.789218799e-01 1.610248360e-03
9.792552132e-01 1.745184196e-03
9.795885465e-01 1.660400930e-03
9.799218799e-01 1.475557806e-03
9.802552132e-01 1.527965292e-03
9.805885465e-01 1.721968194e-03
9.809218799e-01 1.504483932e-03
9.812552132e-01 1.719686299e-03
9.815885465e-01 1.477621306e-03
9.819218799e-01 1.435778163e-03
9.822552132e-01 1.500130917e-03
9.825885465e-01 1.605577975e-03
9.829218799e-01 1.505745392e-03
9.832552132e-01 1.435263586e-03
9.835885465e-01 1.643119698e-03
9.839218799e-01 1.467635878e-03
9.842552132e-01 1.545336314e-03
9.845885465e-01 1.579124691e-03
9.849218799e-01 1.541301444e-03
9.852552132e-01 1.544022859e-03
9.855885465e-01 1.467028316e-03
9.859218799e-01 1.657511639e-03
9.862552132e-01 1.474499551e-03
9.865885465e-01 1.491227090e-03
9.869218799e-01 1.691615451e-03
9.872552132e-01 1.471389859e-03
9.875885465e-01 1.500786043e-03
9.879218799e-01 1.598463253e-03
9.882552132e-01 1.436957809e-03
9.885885465e-01 1.543755820e-03
9.889218799e-01 1.445641586e-03
9.892552132e-01 1.631210577e-03
9.895885465e-01 1.539556109e-03
9.899218799e-01 1.689936952e-03
9.902552132e-01 1.690607817e-03
9.905885465e-01 1.651305824e-03
9.909218799e-01 1.662301214e-03
9.912552132e-01 1.445432785e-03
9.915885465e-01 1.621278118e-03
9.919218799e-01 1.723486798e-03
9.922552132e-01 1.464720164e-03
9.925885465e-01 1.704863179e-03
9.929218799e-01 1.579130502e-03
9.932552132e-01 1.553809526e-03
9.935885465e-01 1.723415633e-03
9.939218799e-01 1.472150622e-03
9.942552132e-01 1.604624039e-03
9.945885465e-01 1.518542115e-03
9.949218799e-01 1.634343673e-03
9.952552132e-01 1.728938690e-03
9.955885465e-01 1.645523019e-03
9.959218799e-01 1.684274861e-03
9.962552132e-01 1.635964685e-03
9.965885465e-01 1.702815067e-03
9.969218799e-01 1.424905912e-03
9.972552132e-01 1.576928884e-03
9.975885465e-01 1.423498451e-03
9.979218799e-01 1.508263580e-03
9.982552132e-01 1.424575186e-03
9.985885465e-01 1.442917389e-03
9.989218799e-01 1.634425266e-03
9.992552132e-01 1.452567364e-03
9.995885465e-01 1.656423275e-03
9.999218799e-01 1.422888057e-03
