4
512
1.495389863e-03 1.884278065e-03
3.448514863e-03 1.539176973e-03
5.401639863e-03 3.077440949e-03
7.354764863e-03 1.576611123e-03
9.307889863e-03 2.771194206e-03
1.126101486e-02 2.453020035e-03
1.321413986e-02 2.685105002e-03
1.516726486e-02 2.998143997e-03
1.712038986e-02 1.473294632e-03
1.907351486e-02 1.490259437e-03
2.102663986e-02 1.635891494e-03
2.297976486e-02 2.309803496e-03
2.493288986e-02 2.478274291e-03
2.688601486e-02 1.335106486e-03
2.883913986e-02 2.085128320e-03
3.079226486e-02 2.305914481e-03
3.274538986e-02 1.447377417e-03
3.469851486e-02 2.401722587e-03
3.665163986e-02 1.494797837e-03
3.860476486e-02 1.765473209e-03
4.055788986e-02 1.301065428e-03
4.251101486e-02 3.152409764e-03
4.446413986e-02 1.363622662e-03
4.641726486e-02 2.741986496e-03
4.837038986e-02 2.822996639e-03
5.032351486e-02 3.121577565e-03
5.227663986e-02 2.060722075e-03
5.422976486e-02 2.541774248e-03
5.618288986e-02 2.775848117e-03
5.813601486e-02 1.895014825e-03
6.008913986e-02 2.084640787e-03
6.204226486e-02 1.417453816e-03
6.399538986e-02 2.144449449e-03
6.594851486e-02 1.919019226e-03
6.790163986e-02 1.703932096e-03
6.985476486e-02 1.672190300e-03
7.180788986e-02 3.081515221e-03
7.376101486e-02 3.098317194e-03
7.571413986e-02 1.426293353e-03
7.766726486e-02 1.310572694e-03
7.962038986e-02 1.344143081e-03
8.157351486e-02 1.770679728e-03
8.352663986e-02 2.328674322e-03
8.547976486e-02 2.530518580e-03
8.743288986e-02 1.813690319e-03
8.938601486e-02 3.121509466e-03
9.133913986e-02 1.590817424e-03
9.329226486e-02 1.968379462e-03
9.524538986e-02 2.277220961e-03
9.719851486e-02 1.792531173e-03
9.915163986e-02 2.440570407e-03
1.011047649e-01 2.284805770e-03
1.030578899e-01 1.698136781e-03
1.050110149e-01 2.510315198e-03
1.069641399e-01 1.779590498e-03
1.089172649e-01 3.226857574e-03
1.108703899e-01 2.384292659e-03
1.128235149e-01 2.545638029e-03
1.147766399e-01 2.520632657e-03
1.167297649e-01 1.911941807e-03
1.186828899e-01 3.145378902e-03
1.206360149e-01 1.356674322e-03
1.225891399e-01 2.033721152e-03
1.245422649e-01 2.040828344e-03
1.264953899e-01 1.979617826e-03
1.284485149e-01 2.441376627e-03
1.304016399e-01 2.416540939e-03
1.323547649e-01 1.811329074e-03
1.343078899e-01 2.289688396e-03
1.362610149e-01 2.545752233e-03
1.382141399e-01 1.824617885e-03
1.401672649e-01 2.336345589e-03
1.421203899e-01 3.018743881e-03
1.440735149e-01 2.855401752e-03
1.460266399e-01 1.615646148e-03
1.479797649e-01 1.581013431e-03
1.499328899e-01 2.725287513e-03
1.518860149e-01 1.907761746e-03
1.538391399e-01 2.250487759e-03
1.557922649e-01 1.750274842e-03
1.577453899e-01 2.400980604e-03
1.596985149e-01 1.438416979e-03
1.616516399e-01 2.735360366e-03
1.636047649e-01 2.799192892e-03
1.655578899e-01 2.648603248e-03
1.675110149e-01 3.214617311e-03
1.694641399e-01 2.772387098e-03
1.714172649e-01 1.779027535e-03
1.733703899e-01 2.506181775e-03
1.753235149e-01 2.038740807e-03
1.772766399e-01 2.389609822e-03
1.792297649e-01 2.396870392e-03
1.811828899e-01 2.093643891e-03
1.831360149e-01 3.121353590e-03
1.850891399e-01 3.135515017e-03
1.870422649e-01 2.770871469e-03
1.889953899e-01 2.307008248e-03
1.909485149e-01 2.296127075e-03
1.929016399e-01 1.326064558e-03
1.948547649e-01 1.340353363e-03
1.968078899e-01 1.585328535e-03
1.987610149e-01 1.847048989e-03
2.007141399e-01 2.372857620e-03
2.026672649e-01 1.346898014e-03
2.046203899e-01 1.445068073e-03
2.065735149e-01 2.684037644e-03
2.085266399e-01 1.623236667e-03
2.104797649e-01 2.865471960e-03
2.124328899e-01 1.333581719e-03
2.143860149e-01 2.568422517e-03
2.163391399e-01 1.357110458e-03
2.182922649e-01 2.428841350e-03
2.202453899e-01 2.700908695e-03
2.221985149e-01 2.786330000e-03
2.241516399e-01 1.968558197e-03
2.261047649e-01 2.089825481e-03
2.280578899e-01 2.741050234e-03
2.300110149e-01 1.480837406e-03
2.319641399e-01 2.561659118e-03
2.339172649e-01 1.986701901e-03
2.358703899e-01 2.211961699e-03
2.378235149e-01 1.690315819e-03
2.397766399e-01 3.075532367e-03
2.417297649e-01 2.997353659e-03
2.436828899e-01 1.550080274e-03
2.456360149e-01 2.949245845e-03
2.475891399e-01 2.506210986e-03
2.495422649e-01 2.547986576e-03
2.514953899e-01 1.982932967e-03
2.534485149e-01 2.522747384e-03
2.554016399e-01 2.578598371e-03
2.573547649e-01 2.258306325e-03
2.593078899e-01 3.059627383e-03
2.612610149e-01 1.687947987e-03
2.632141399e-01 2.294607120e-03
2.651672649e-01 3.193883819e-03
2.671203899e-01 3.060959370e-03
2.690735149e-01 2.606602700e-03
2.710266399e-01 2.794774660e-03
2.729797649e-01 3.082869739e-03
2.749328899e-01 1.910013427e-03
2.768860149e-01 2.839782687e-03
2.788391399e-01 2.246267810e-03
2.807922649e-01 1.345262791e-03
2.827453899e-01 2.360237099e-03
2.846985149e-01 2.901858956e-03
2.866516399e-01 2.121904552e-03
2.886047649e-01 1.834761735e-03
2.905578899e-01 3.069078683e-03
2.925110149e-01 1.416603701e-03
2.944641399e-01 2.507411171e-03
2.964172649e-01 2.013645211e-03
2.983703899e-01 1.792431438e-03
3.003235149e-01 2.315112337e-03
3.022766399e-01 1.742949341e-03
3.042297649e-01 2.027368645e-03
3.061828899e-01 1.995871369e-03
3.081360149e-01 2.933579559e-03
3.100891399e-01 3.259555289e-03
3.120422649e-01 2.662785029e-03
3.139953899e-01 2.186963051e-03
3.159485149e-01 2.568569973e-03
3.179016399e-01 1.651287662e-03
3.198547649e-01 1.976566525e-03
3.218078899e-01 2.939398623e-03
3.237610149e-01 2.628554804e-03
3.257141399e-01 1.899764513e-03
3.276672649e-01 2.729451099e-03
3.296203899e-01 1.964029334e-03
3.315735149e-01 1.423189515e-03
3.335266399e-01 2.540749476e-03
3.354797649e-01 2.555374484e-03
3.374328899e-01 2.944081795e-03
3.393860149e-01 1.514779535e-03
3.413391399e-01 2.581301967e-03
3.432922649e-01 2.031635812e-03
3.452453899e-01 3.096857423e-03
3.471985149e-01 1.430077247e-03
3.491516399e-01 2.546169859e-03
3.511047649e-01 2.892359781e-03
3.530578899e-01 1.526005774e-03
3.550110149e-01 1.779556788e-03
3.569641399e-01 1.631756467e-03
3.589172649e-01 1.997089186e-03
3.608703899e-01 2.773096381e-03
3.628235149e-01 2.052908129e-03
3.647766399e-01 2.702435000e-03
3.667297649e-01 1.493594545e-03
3.686828899e-01 1.710888892e-03
3.706360149e-01 2.686165683e-03
3.725891399e-01 2.833453941e-03
3.745422649e-01 2.574700062e-03
3.764953899e-01 1.978232307e-03
3.784485149e-01 3.161136566e-03
3.804016399e-01 3.227434642e-03
3.823547649e-01 1.640446854e-03
3.843078899e-01 2.512279944e-03
3.862610149e-01 1.849560157e-03
3.882141399e-01 3.045156163e-03
3.901672649e-01 3.151339472e-03
3.921203899e-01 1.947551629e-03
3.940735149e-01 2.307354136e-03
3.960266399e-01 2.427933769e-03
3.979797649e-01 1.612624331e-03
3.999328899e-01 2.496020448e-03
4.018860149e-01 1.729768159e-03
4.038391399e-01 2.317687989e-03
4.057922649e-01 2.312950913e-03
4.077453899e-01 1.832813423e-03
4.096985149e-01 1.583470611e-03
4.116516399e-01 1.924692980e-03
4.136047649e-01 2.031095780e-03
4.155578899e-01 2.035073053e-03
4.175110149e-01 2.228263946e-03
4.194641399e-01 2.699768082e-03
4.214172649e-01 1.526395940e-03
4.233703899e-01 2.952291744e-03
4.253235149e-01 2.119965686e-03
4.272766399e-01 1.690645798e-03
4.292297649e-01 1.380478429e-03
4.311828899e-01 1.523196412e-03
4.331360149e-01 3.194056805e-03
4.350891399e-01 2.624902349e-03
4.370422649e-01 2.170919141e-03
4.389953899e-01 3.071325125e-03
4.409485149e-01 2.568234849e-03
4.429016399e-01 2.480154726e-03
4.448547649e-01 2.299034442e-03
4.468078899e-01 3.086114791e-03
4.487610149e-01 2.240270852e-03
4.507141399e-01 2.165098825e-03
4.526672649e-01 1.748156047e-03
4.546203899e-01 3.215004098e-03
4.565735149e-01 3.260175956e-03
4.585266399e-01 2.027687757e-03
4.604797649e-01 2.424570709e-03
4.624328899e-01 1.703253828e-03
4.643860149e-01 3.011573777e-03
4.663391399e-01 1.450357734e-03
4.682922649e-01 2.201791210e-03
4.702453899e-01 3.260530961e-03
4.721985149e-01 2.040299664e-03
4.741516399e-01 2.897898082e-03
4.761047649e-01 2.007252010e-03
4.780578899e-01 2.933098277e-03
4.800110149e-01 2.308837263e-03
4.819641399e-01 2.197705246e-03
4.839172649e-01 2.596083274e-03
4.858703899e-01 3.092381924e-03
4.878235149e-01 2.551690502e-03
4.897766399e-01 2.639661406e-03
4.917297649e-01 3.278438046e-03
4.936828899e-01 2.455241784e-03
4.956360149e-01 1.973817761e-03
4.975891399e-01 2.158370480e-03
4.995422649e-01 2.235339252e-03
5.014953899e-01 3.203708762e-03
5.034485149e-01 3.299939926e-03
5.054016399e-01 3.195546742e-03
5.073547649e-01 2.997629686e-03
5.093078899e-01 2.247774756e-03
5.112610149e-01 2.067967146e-03
5.132141399e-01 1.452864674e-03
5.151672649e-01 2.169614913e-03
5.171203899e-01 2.034736036e-03
5.190735149e-01 2.140026997e-03
5.210266399e-01 3.253416578e-03
5.229797649e-01 2.396976964e-03
5.249328899e-01 1.857218774e-03
5.268860149e-01 1.409147968e-03
5.288391399e-01 3.257022243e-03
5.307922649e-01 1.822633968e-03
5.327453899e-01 2.107211787e-03
5.346985149e-01 2.859314153e-03
5.366516399e-01 2.487159236e-03
5.386047649e-01 1.744212502e-03
5.405578899e-01 1.871807791e-03
5.425110149e-01 1.388274544e-03
5.444641399e-01 2.996584279e-03
5.464172649e-01 1.667106411e-03
5.483703899e-01 2.595759687e-03
5.503235149e-01 2.338668022e-03
5.522766399e-01 1.647719239e-03
5.542297649e-01 1.752928451e-03
5.561828899e-01 2.967289712e-03
5.581360149e-01 2.460645348e-03
5.600891399e-01 2.642574779e-03
5.620422649e-01 2.871931746e-03
5.639953899e-01 2.461269493e-03
5.659485149e-01 2.538556435e-03
5.679016399e-01 2.569746791e-03
5.698547649e-01 1.408979800e-03
5.718078899e-01 3.259334073e-03
5.737610149e-01 2.675171642e-03
5.757141399e-01 2.230904326e-03
5.776672649e-01 1.993003901e-03
5.796203899e-01 1.513881358e-03
5.815735149e-01 2.182752296e-03
5.835266399e-01 3.041285677e-03
5.854797649e-01 2.022153109e-03
5.874328899e-01 2.242701149e-03
5.893860149e-01 2.995731459e-03
5.913391399e-01 2.495083015e-03
5.932922649e-01 2.999956015e-03
5.952453899e-01 2.551710576e-03
5.971985149e-01 1.678653845e-03
5.991516399e-01 1.440326483e-03
6.011047649e-01 3.072547449e-03
6.030578899e-01 1.715703327e-03
6.050110149e-01 3.085431299e-03
6.069641399e-01 1.434794735e-03
6.089172649e-01 2.959473973e-03
6.108703899e-01 2.118730100e-03
6.128235149e-01 1.730014317e-03
6.147766399e-01 1.406522068e-03
6.167297649e-01 1.779883499e-03
6.186828899e-01 2.837392136e-03
6.206360149e-01 2.695572840e-03
6.225891399e-01 3.298034497e-03
6.245422649e-01 1.991498879e-03
6.264953899e-01 1.926709260e-03
6.284485149e-01 2.560103747e-03
6.304016399e-01 2.045668350e-03
6.323547649e-01 1.877849953e-03
6.343078899e-01 1.926823694e-03
6.362610149e-01 2.920987403e-03
6.382141399e-01 2.515009739e-03
6.401672649e-01 2.084601831e-03
6.421203899e-01 1.794252104e-03
6.440735149e-01 2.246548184e-03
6.460266399e-01 2.749872806e-03
6.479797649e-01 2.679810951e-03
6.499328899e-01 1.931751905e-03
6.518860149e-01 1.934167383e-03
6.538391399e-01 2.368717561e-03
6.557922649e-01 3.125276841e-03
6.577453899e-01 2.254374084e-03
6.596985149e-01 2.450335129e-03
6.616516399e-01 2.885728336e-03
6.636047649e-01 2.610844151e-03
6.655578899e-01 2.223145590e-03
6.675110149e-01 2.960764387e-03
6.694641399e-01 2.257171323e-03
6.714172649e-01 2.981590505e-03
6.733703899e-01 1.377104863e-03
6.753235149e-01 2.302880624e-03
6.772766399e-01 1.447272036e-03
6.792297649e-01 2.853155561e-03
6.811828899e-01 1.683722284e-03
6.831360149e-01 1.430310340e-03
6.850891399e-01 1.529392959e-03
6.870422649e-01 2.248029504e-03
6.889953899e-01 2.627746215e-03
6.909485149e-01 2.212127331e-03
6.929016399e-01 2.762679098e-03
6.948547649e-01 3.191102895e-03
6.968078899e-01 1.816255788e-03
6.987610149e-01 1.960562686e-03
7.007141399e-01 1.958311093e-03
7.026672649e-01 2.245971504e-03
7.046203899e-01 2.842306449e-03
7.065735149e-01 1.389986168e-03
7.085266399e-01 1.607316139e-03
7.104797649e-01 1.455323173e-03
7.124328899e-01 1.958274229e-03
7.143860149e-01 2.609884958e-03
7.163391399e-01 3.214181575e-03
7.182922649e-01 2.845959897e-03
7.202453899e-01 1.740136415e-03
7.221985149e-01 2.779555703e-03
7.241516399e-01 2.136179025e-03
7.261047649e-01 2.595510888e-03
7.280578899e-01 2.419152595e-03
7.300110149e-01 3.025036197e-03
7.319641399e-01 2.255390302e-03
7.339172649e-01 2.427399147e-03
7.358703899e-01 2.005661006e-03
7.378235149e-01 2.333258741e-03
7.397766399e-01 1.957753043e-03
7.417297649e-01 2.319433273e-03
7.436828899e-01 2.393345430e-03
7.456360149e-01 2.116648432e-03
7.475891399e-01 3.196691005e-03
7.495422649e-01 1.696920384e-03
7.514953899e-01 2.957454729e-03
7.534485149e-01 2.634649011e-03
7.554016399e-01 1.563026842e-03
7.573547649e-01 1.448438451e-03
7.593078899e-01 3.222788715e-03
7.612610149e-01 2.148638750e-03
7.632141399e-01 2.321434279e-03
7.651672649e-01 2.738717707e-03
7.671203899e-01 2.165095396e-03
7.690735149e-01 2.554943540e-03
7.710266399e-01 2.819956359e-03
7.729797649e-01 2.749007170e-03
7.749328899e-01 1.837062819e-03
7.768860149e-01 2.706093742e-03
7.788391399e-01 2.266644074e-03
7.807922649e-01 2.201722148e-03
7.827453899e-01 2.156767972e-03
7.846985149e-01 3.026786952e-03
7.866516399e-01 1.467791919e-03
7.886047649e-01 3.199324192e-03
7.905578899e-01 2.721821218e-03
7.925110149e-01 2.346024446e-03
7.944641399e-01 2.296159424e-03
7.964172649e-01 1.396636878e-03
7.983703899e-01 3.301281113e-03
8.003235149e-01 2.875628371e-03
8.022766399e-01 2.337503739e-03
8.042297649e-01 2.362652519e-03
8.061828899e-01 1.660019872e-03
8.081360149e-01 2.201654610e-03
8.100891399e-01 2.679874270e-03
8.120422649e-01 3.237492172e-03
8.139953899e-01 1.502912097e-03
8.159485149e-01 2.862350198e-03
8.179016399e-01 3.305095020e-03
8.198547649e-01 1.391455220e-03
8.218078899e-01 1.676458071e-03
8.237610149e-01 2.291712837e-03
8.257141399e-01 2.748195581e-03
8.276672649e-01 2.459289936e-03
8.296203899e-01 1.510981360e-03
8.315735149e-01 2.232190139e-03
8.335266399e-01 1.872048220e-03
8.354797649e-01 1.964632906e-03
8.374328899e-01 1.601459917e-03
8.393860149e-01 2.754705339e-03
8.413391399e-01 2.782079805e-03
8.432922649e-01 2.373664044e-03
8.452453899e-01 2.443514543e-03
8.471985149e-01 2.864729774e-03
8.491516399e-01 2.234431776e-03
8.511047649e-01 1.826489490e-03
8.530578899e-01 1.871617831e-03
8.550110149e-01 3.144289389e-03
8.569641399e-01 1.836533828e-03
8.589172649e-01 1.832890370e-03
8.608703899e-01 2.679617844e-03
8.628235149e-01 2.786571005e-03
8.647766399e-01 2.807784371e-03
8.667297649e-01 2.951586936e-03
8.686828899e-01 1.646757263e-03
8.706360149e-01 2.145897410e-03
8.725891399e-01 2.847024690e-03
8.745422649e-01 1.760446446e-03
8.764953899e-01 1.665605886e-03
8.784485149e-01 2.809183871e-03
8.804016399e-01 1.761796402e-03
8.823547649e-01 1.951663955e-03
8.843078899e-01 1.757076655e-03
8.862610149e-01 3.119001573e-03
8.882141399e-01 3.019667807e-03
8.901672649e-01 1.876475948e-03
8.921203899e-01 2.006188345e-03
8.940735149e-01 1.546416050e-03
8.960266399e-01 2.448636954e-03
8.979797649e-01 2.214879124e-03
8.999328899e-01 2.908054699e-03
9.018860149e-01 1.884227202e-03
9.038391399e-01 3.194880430e-03
9.057922649e-01 2.004483004e-03
9.077453899e-01 3.354696926e-03
9.096985149e-01 2.081628024e-03
9.116516399e-01 2.436113868e-03
9.136047649e-01 1.878031365e-03
9.155578899e-01 1.877333941e-03
9.175110149e-01 2.876888825e-03
9.194641399e-01 2.314862146e-03
9.214172649e-01 3.160591162e-03
9.233703899e-01 2.313672849e-03
9.253235149e-01 1.772557863e-03
9.272766399e-01 2.761787448e-03
9.292297649e-01 2.562862149e-03
9.311828899e-01 2.520584673e-03
9.331360149e-01 2.257513580e-03
9.350891399e-01 2.924831760e-03
9.370422649e-01 2.787410124e-03
9.389953899e-01 1.714488093e-03
9.409485149e-01 3.287239558e-03
9.429016399e-01 3.339380906e-03
9.448547649e-01 2.071566684e-03
9.468078899e-01 3.052812849e-03
9.487610149e-01 3.005314893e-03
9.507141399e-01 2.547127946e-03
9.526672649e-01 1.704655318e-03
9.546203899e-01 3.150203551e-03
9.565735149e-01 1.640805665e-03
9.585266399e-01 2.517393040e-03
9.604797649e-01 2.702684351e-03
9.624328899e-01 2.122276146e-03
9.643860149e-01 2.356083598e-03
9.663391399e-01 3.303794007e-03
9.682922649e-01 2.120165916e-03
9.702453899e-01 3.033720333e-03
9.721985149e-01 2.382482119e-03
9.741516399e-01 2.593586732e-03
9.761047649e-01 1.553008600e-03
9.780578899e-01 1.901014815e-03
9.800110149e-01 1.549781964e-03
9.819641399e-01 3.307746730e-03
9.839172649e-01 2.808523184e-03
9.858703899e-01 1.915863565e-03
9.878235149e-01 2.709620804e-03
9.897766399e-01 2.011159510e-03
9.917297649e-01 3.029034638e-03
9.936828899e-01 1.606282668e-03
9.956360149e-01 1.574826106e-03
9.975891399e-01 2.454965815e-03
9.995422649e-01 1.912102698e-03
