4
600
1.276066017e-03 1.797117276e-03
2.942732683e-03 1.502630983e-03
4.609399350e-03 2.815282859e-03
6.276066017e-03 1.534574669e-03
7.942732683e-03 2.553952138e-03
9.609399350e-03 2.282443397e-03
1.127606602e-02 2.480489096e-03
1.294273268e-02 2.747615544e-03
1.460939935e-02 1.446410569e-03
1.627606602e-02 1.460886997e-03
1.794273268e-02 1.585159457e-03
1.960939935e-02 2.160230780e-03
2.127606602e-02 2.303992252e-03
2.294273268e-02 1.328488762e-03
2.460939935e-02 1.968507073e-03
2.627606602e-02 2.156910922e-03
2.794273268e-02 1.424292263e-03
2.960939935e-02 2.238666419e-03
3.127606602e-02 1.464756889e-03
3.294273268e-02 1.695732771e-03
3.460939935e-02 1.299437674e-03
3.627606602e-02 2.879251027e-03
3.794273268e-02 1.352818863e-03
3.960939935e-02 2.529022141e-03
4.127606602e-02 2.598150245e-03
4.294273268e-02 2.852938729e-03
4.460939935e-02 1.947674779e-03
4.627606602e-02 2.358172012e-03
4.794273268e-02 2.557914403e-03
4.960939935e-02 1.806269325e-03
5.127606602e-02 1.968082787e-03
5.294273268e-02 1.398749189e-03
5.460939935e-02 2.019118055e-03
5.627606602e-02 1.826750168e-03
5.794273268e-02 1.643208362e-03
5.960939935e-02 1.616121218e-03
6.127606602e-02 2.818744314e-03
6.294273268e-02 2.833081138e-03
6.460939935e-02 1.406286576e-03
6.627606602e-02 1.307537370e-03
6.794273268e-02 1.336183167e-03
6.960939935e-02 1.700160148e-03
7.127606602e-02 2.176314553e-03
7.294273268e-02 2.348553979e-03
7.460939935e-02 1.736859498e-03
7.627606602e-02 2.852864114e-03
7.794273268e-02 1.546672490e-03
7.960939935e-02 1.868857657e-03
8.127606602e-02 2.132401272e-03
8.294273268e-02 1.718798164e-03
8.460939935e-02 2.271790462e-03
8.627606602e-02 2.138870100e-03
8.794273268e-02 1.638244664e-03
8.960939935e-02 2.331302324e-03
9.127606602e-02 1.707749298e-03
9.294273268e-02 2.942749229e-03
9.460939935e-02 2.223759169e-03
9.627606602e-02 2.361439194e-03
9.794273268e-02 2.340099893e-03
9.960939935e-02 1.820682292e-03
1.012760660e-01 2.873213844e-03
1.029427327e-01 1.346851142e-03
1.046093994e-01 1.924596284e-03
1.062760660e-01 1.930659576e-03
1.079427327e-01 1.878425063e-03
1.096093994e-01 2.272457675e-03
1.112760660e-01 2.251262964e-03
1.129427327e-01 1.734813889e-03
1.146093994e-01 2.143012202e-03
1.162760660e-01 2.361518340e-03
1.179427327e-01 1.746148668e-03
1.196093994e-01 2.182821253e-03
1.212760660e-01 2.765132715e-03
1.229427327e-01 2.625745656e-03
1.246093994e-01 1.567819073e-03
1.262760660e-01 1.538263993e-03
1.279427327e-01 2.514709354e-03
1.296093994e-01 1.817085485e-03
1.312760660e-01 2.109543108e-03
1.329427327e-01 1.682692816e-03
1.346093994e-01 2.237959771e-03
1.362760660e-01 1.416570154e-03
1.379427327e-01 2.523293162e-03
1.396093994e-01 2.577761540e-03
1.412760660e-01 2.449256306e-03
1.429427327e-01 2.932252874e-03
1.446093994e-01 2.554880966e-03
1.462760660e-01 1.707211985e-03
1.479427327e-01 2.327714756e-03
1.496093994e-01 1.928829588e-03
1.512760660e-01 2.228235577e-03
1.529427327e-01 2.234428999e-03
1.546093994e-01 1.975673426e-03
1.562760660e-01 2.852650050e-03
1.579427327e-01 2.864732119e-03
1.596093994e-01 2.553567249e-03
1.612760660e-01 2.157734897e-03
1.629427327e-01 2.148447197e-03
1.646093994e-01 1.320658055e-03
1.662760660e-01 1.332848679e-03
1.679427327e-01 1.541891643e-03
1.696093994e-01 1.765223884e-03
1.712760660e-01 2.213911342e-03
1.729427327e-01 1.338423208e-03
1.746093994e-01 1.422192360e-03
1.762760660e-01 2.479443734e-03
1.779427327e-01 1.574224211e-03
1.796093994e-01 2.634262276e-03
1.812760660e-01 1.327046523e-03
1.829427327e-01 2.380774562e-03
1.846093994e-01 1.347118799e-03
1.862760660e-01 2.261659660e-03
1.879427327e-01 2.493820931e-03
1.896093994e-01 2.566710885e-03
1.912760660e-01 1.868876024e-03
1.929427327e-01 1.972354488e-03
1.946093994e-01 2.528063296e-03
1.962760660e-01 1.452678672e-03
1.979427327e-01 2.374976825e-03
1.996093994e-01 1.884343597e-03
2.012760660e-01 2.076562190e-03
2.029427327e-01 1.631421243e-03
2.046093994e-01 2.813469538e-03
2.062760660e-01 2.746753850e-03
2.079427327e-01 1.511744008e-03
2.096093994e-01 2.705695378e-03
2.112760660e-01 2.327635684e-03
2.129427327e-01 2.363280877e-03
2.146093994e-01 1.881098456e-03
2.162760660e-01 2.341736720e-03
2.179427327e-01 2.389392827e-03
2.196093994e-01 2.116073515e-03
2.212760660e-01 2.799864021e-03
2.229427327e-01 1.629360775e-03
2.246093994e-01 2.147039710e-03
2.262760660e-01 2.914418937e-03
2.279427327e-01 2.800986487e-03
2.296093994e-01 2.413265177e-03
2.312760660e-01 2.573834934e-03
2.329427327e-01 2.819672388e-03
2.346093994e-01 1.818831290e-03
2.362760660e-01 2.612230649e-03
2.379427327e-01 2.105760846e-03
2.396093994e-01 1.336899424e-03
2.412760660e-01 2.203006995e-03
2.429427327e-01 2.665187110e-03
2.446093994e-01 1.999622119e-03
2.462760660e-01 1.754589648e-03
2.479427327e-01 2.807869479e-03
2.496093994e-01 1.397753498e-03
2.512760660e-01 2.328571844e-03
2.529427327e-01 1.907220831e-03
2.546093994e-01 1.718447651e-03
2.562760660e-01 2.164464560e-03
2.579427327e-01 1.676214646e-03
2.596093994e-01 1.918914929e-03
2.612760660e-01 1.892033030e-03
2.629427327e-01 2.692206431e-03
2.646093994e-01 2.970368100e-03
2.662760660e-01 2.461119824e-03
2.679427327e-01 2.055080717e-03
2.696093994e-01 2.380714237e-03
2.712760660e-01 1.597962246e-03
2.729427327e-01 1.875529091e-03
2.746093994e-01 2.697141330e-03
2.762760660e-01 2.431883420e-03
2.779427327e-01 1.809977820e-03
2.796093994e-01 2.517972455e-03
2.812760660e-01 1.864807930e-03
2.829427327e-01 1.403286633e-03
2.846093994e-01 2.356933115e-03
2.862760660e-01 2.369408403e-03
2.879427327e-01 2.701100556e-03
2.896093994e-01 1.481424507e-03
2.912760660e-01 2.391518829e-03
2.929427327e-01 1.922465523e-03
2.946093994e-01 2.831449743e-03
2.962760660e-01 1.409125737e-03
2.979427327e-01 2.361519809e-03
2.996093994e-01 2.656930219e-03
3.012760660e-01 1.490969774e-03
3.029427327e-01 1.707328247e-03
3.046093994e-01 1.581200213e-03
3.062760660e-01 1.892945671e-03
3.079427327e-01 2.555133314e-03
3.096093994e-01 1.940567475e-03
3.112760660e-01 2.494825171e-03
3.129427327e-01 1.463276049e-03
3.146093994e-01 1.648695256e-03
3.162760660e-01 2.480926114e-03
3.179427327e-01 2.606606721e-03
3.196093994e-01 2.385798003e-03
3.212760660e-01 1.876806742e-03
3.229427327e-01 2.886212897e-03
3.246093994e-01 2.942781742e-03
3.262760660e-01 1.588546613e-03
3.279427327e-01 2.332505264e-03
3.296093994e-01 1.766978759e-03
3.312760660e-01 2.787215027e-03
3.329427327e-01 2.877819092e-03
3.346093994e-01 1.850581071e-03
3.362760660e-01 2.157606778e-03
3.379427327e-01 2.260495598e-03
3.396093994e-01 1.564759041e-03
3.412760660e-01 2.318584521e-03
3.429427327e-01 1.664709993e-03
3.446093994e-01 2.166395635e-03
3.462760660e-01 2.162347348e-03
3.479427327e-01 1.752624004e-03
3.496093994e-01 1.539845416e-03
3.512760660e-01 1.831015745e-03
3.529427327e-01 1.921806672e-03
3.546093994e-01 1.925194446e-03
3.562760660e-01 2.090044471e-03
3.579427327e-01 2.492388428e-03
3.596093994e-01 1.491104589e-03
3.612760660e-01 2.707862695e-03
3.629427327e-01 1.997604773e-03
3.646093994e-01 1.631245413e-03
3.662760660e-01 1.366562832e-03
3.679427327e-01 1.488342380e-03
3.696093994e-01 2.914136747e-03
3.712760660e-01 2.428451738e-03
3.729427327e-01 2.041046156e-03
3.746093994e-01 2.809385981e-03
3.762760660e-01 2.380075625e-03
3.779427327e-01 2.304907229e-03
3.796093994e-01 2.150344524e-03
3.812760660e-01 2.821979654e-03
3.829427327e-01 2.100186020e-03
3.846093994e-01 2.036032379e-03
3.862760660e-01 1.680234325e-03
3.879427327e-01 2.931937741e-03
3.896093994e-01 2.970477433e-03
3.912760660e-01 1.918747171e-03
3.929427327e-01 2.257413586e-03
3.946093994e-01 1.641882771e-03
3.962760660e-01 2.758308678e-03
3.979427327e-01 1.426063833e-03
3.996093994e-01 2.067279873e-03
4.012760660e-01 2.970730560e-03
4.029427327e-01 1.929459248e-03
4.046093994e-01 2.661269253e-03
4.062760660e-01 1.901243920e-03
4.079427327e-01 2.691292010e-03
4.096093994e-01 2.158581848e-03
4.112760660e-01 2.063741723e-03
4.129427327e-01 2.403683464e-03
4.146093994e-01 2.827184095e-03
4.162760660e-01 2.365786491e-03
4.179427327e-01 2.440847366e-03
4.196093994e-01 2.985929095e-03
4.212760660e-01 2.283460574e-03
4.229427327e-01 1.872637657e-03
4.246093994e-01 2.030114852e-03
4.262760660e-01 2.095787039e-03
4.279427327e-01 2.922121148e-03
4.296093994e-01 3.004230495e-03
4.312760660e-01 2.915140356e-03
4.329427327e-01 2.746243140e-03
4.346093994e-01 2.106358898e-03
4.362760660e-01 1.952914994e-03
4.379427327e-01 1.428019432e-03
4.396093994e-01 2.039638144e-03
4.412760660e-01 1.924533301e-03
4.429427327e-01 2.014373346e-03
4.446093994e-01 2.964457504e-03
4.462760660e-01 2.233620708e-03
4.479427327e-01 1.773018686e-03
4.496093994e-01 1.390656523e-03
4.512760660e-01 2.967500787e-03
4.529427327e-01 1.743480967e-03
4.546093994e-01 1.986312171e-03
4.562760660e-01 2.628097614e-03
4.579427327e-01 2.310516799e-03
4.596093994e-01 1.676526924e-03
4.612760660e-01 1.785399534e-03
4.629427327e-01 1.372775751e-03
4.646093994e-01 2.745191270e-03
4.662760660e-01 1.610694658e-03
4.679427327e-01 2.403136580e-03
4.696093994e-01 2.183742775e-03
4.712760660e-01 1.594124188e-03
4.729427327e-01 1.683893712e-03
4.746093994e-01 2.720139609e-03
4.762760660e-01 2.287793996e-03
4.779427327e-01 2.443031312e-03
4.796093994e-01 2.638740082e-03
4.812760660e-01 2.288299074e-03
4.829427327e-01 2.354241335e-03
4.846093994e-01 2.380847799e-03
4.862760660e-01 1.390317283e-03
4.879427327e-01 2.969276869e-03
4.896093994e-01 2.470782157e-03
4.912760660e-01 2.091664566e-03
4.929427327e-01 1.888646677e-03
4.946093994e-01 1.479785871e-03
4.962760660e-01 2.050546124e-03
4.979427327e-01 2.783151617e-03
4.996093994e-01 1.913482123e-03
5.012760660e-01 2.101673369e-03
5.029427327e-01 2.744249441e-03
5.046093994e-01 2.317019599e-03
5.062760660e-01 2.747834678e-03
5.079427327e-01 2.365321977e-03
5.096093994e-01 1.620303594e-03
5.112760660e-01 1.416920895e-03
5.129427327e-01 2.809739391e-03
5.146093994e-01 1.651888967e-03
5.162760660e-01 2.820713350e-03
5.179427327e-01 1.412159951e-03
5.196093994e-01 2.713209323e-03
5.212760660e-01 1.995764262e-03
5.229427327e-01 1.664049793e-03
5.246093994e-01 1.387992693e-03
5.262760660e-01 1.706584020e-03
5.279427327e-01 2.608980917e-03
5.296093994e-01 2.487951266e-03
5.312760660e-01 3.002041315e-03
5.329427327e-01 1.887120309e-03
5.346093994e-01 1.831822510e-03
5.362760660e-01 2.372308435e-03
5.379427327e-01 1.933312812e-03
5.396093994e-01 1.790096982e-03
5.412760660e-01 1.831877063e-03
5.429427327e-01 2.680219203e-03
5.446093994e-01 2.333773992e-03
5.462760660e-01 1.966481591e-03
5.479427327e-01 1.718705459e-03
5.496093994e-01 2.104653701e-03
5.512760660e-01 2.534146251e-03
5.529427327e-01 2.474348961e-03
5.546093994e-01 1.835994019e-03
5.562760660e-01 1.838043957e-03
5.579427327e-01 2.208848792e-03
5.596093994e-01 2.854434679e-03
5.612760660e-01 2.111252913e-03
5.629427327e-01 2.278461544e-03
5.646093994e-01 2.649985571e-03
5.662760660e-01 2.415406176e-03
5.679427327e-01 2.084558465e-03
5.696093994e-01 2.713981518e-03
5.712760660e-01 2.113570401e-03
5.729427327e-01 2.731729685e-03
5.746093994e-01 1.362556804e-03
5.762760660e-01 2.152540271e-03
5.779427327e-01 1.422409046e-03
5.796093994e-01 2.622084374e-03
5.812760660e-01 1.624155981e-03
5.829427327e-01 1.407899078e-03
5.846093994e-01 1.492437486e-03
5.862760660e-01 2.105661861e-03
5.879427327e-01 2.429674595e-03
5.896093994e-01 2.075000905e-03
5.912760660e-01 2.544792788e-03
5.929427327e-01 2.910368752e-03
5.946093994e-01 1.737153496e-03
5.962760660e-01 1.860282941e-03
5.979427327e-01 1.858349091e-03
5.996093994e-01 2.103806766e-03
6.012760660e-01 2.612666660e-03
6.029427327e-01 1.373340712e-03
6.046093994e-01 1.558782927e-03
6.062760660e-01 1.429069520e-03
6.079427327e-01 1.858241628e-03
6.096093994e-01 2.414269938e-03
6.112760660e-01 2.929923489e-03
6.129427327e-01 2.615694711e-03
6.146093994e-01 1.672045676e-03
6.162760660e-01 2.559003753e-03
6.179427327e-01 2.009975889e-03
6.196093994e-01 2.401925927e-03
6.212760660e-01 2.251420314e-03
6.229427327e-01 2.768427734e-03
6.246093994e-01 2.111649932e-03
6.262760660e-01 2.258417456e-03
6.279427327e-01 1.898520833e-03
6.296093994e-01 2.178057439e-03
6.312760660e-01 1.857612396e-03
6.329427327e-01 2.166232628e-03
6.346093994e-01 2.229290718e-03
6.362760660e-01 1.993162276e-03
6.379427327e-01 2.914784884e-03
6.396093994e-01 1.634966845e-03
6.412760660e-01 2.710608993e-03
6.429427327e-01 2.435134234e-03
6.446093994e-01 1.520669383e-03
6.462760660e-01 1.422873304e-03
6.479427327e-01 2.936971490e-03
6.496093994e-01 2.020349428e-03
6.512760660e-01 2.167787467e-03
6.529427327e-01 2.523855128e-03
6.546093994e-01 2.034349837e-03
6.562760660e-01 2.367005948e-03
6.579427327e-01 2.593135861e-03
6.596093994e-01 2.532578141e-03
6.612760660e-01 1.754371162e-03
6.629427327e-01 2.495929695e-03
6.646093994e-01 2.120918071e-03
6.662760660e-01 2.065503398e-03
6.679427327e-01 2.027127819e-03
6.696093994e-01 2.769529277e-03
6.712760660e-01 1.439172058e-03
6.729427327e-01 2.916731417e-03
6.746093994e-01 2.509247312e-03
6.762760660e-01 2.188552444e-03
6.779427327e-01 2.145985948e-03
6.796093994e-01 1.378378310e-03
6.812760660e-01 3.003659603e-03
6.829427327e-01 2.640420754e-03
6.846093994e-01 2.181205837e-03
6.862760660e-01 2.202650843e-03
6.879427327e-01 1.603055642e-03
6.896093994e-01 2.065235221e-03
6.912760660e-01 2.473300544e-03
6.929427327e-01 2.949118978e-03
6.946093994e-01 1.468928416e-03
6.962760660e-01 2.628966642e-03
6.979427327e-01 3.006759879e-03
6.996093994e-01 1.373771517e-03
7.012760660e-01 1.616958160e-03
7.029427327e-01 2.141959714e-03
7.046093994e-01 2.531475754e-03
7.062760660e-01 2.284926978e-03
7.079427327e-01 1.475687644e-03
7.096093994e-01 2.091103062e-03
7.112760660e-01 1.783765828e-03
7.129427327e-01 1.862755241e-03
7.146093994e-01 1.552831380e-03
7.162760660e-01 2.536917838e-03
7.179427327e-01 2.560261024e-03
7.196093994e-01 2.211729825e-03
7.212760660e-01 2.271319111e-03
7.229427327e-01 2.630739577e-03
7.246093994e-01 2.092868696e-03
7.262760660e-01 1.744741298e-03
7.279427327e-01 1.783234111e-03
7.296093994e-01 2.869230412e-03
7.312760660e-01 1.753262178e-03
7.329427327e-01 1.750136214e-03
7.346093994e-01 2.472660055e-03
7.362760660e-01 2.563909755e-03
7.379427327e-01 2.581994772e-03
7.396093994e-01 2.704689181e-03
7.412760660e-01 1.591217354e-03
7.429427327e-01 2.017133047e-03
7.446093994e-01 2.615411035e-03
7.462760660e-01 1.688180251e-03
7.479427327e-01 1.607232230e-03
7.496093994e-01 2.583067975e-03
7.512760660e-01 1.689279807e-03
7.529427327e-01 1.851282531e-03
7.546093994e-01 1.685217055e-03
7.562760660e-01 2.847375277e-03
7.579427327e-01 2.762592697e-03
7.596093994e-01 1.787051150e-03
7.612760660e-01 1.897721174e-03
7.629427327e-01 1.505364201e-03
7.646093994e-01 2.275241365e-03
7.662760660e-01 2.075749948e-03
7.679427327e-01 2.667241643e-03
7.696093994e-01 1.793557322e-03
7.712760660e-01 2.911963159e-03
7.729427327e-01 1.896139045e-03
7.746093994e-01 3.048303218e-03
7.762760660e-01 1.961932656e-03
7.779427327e-01 2.264408747e-03
7.796093994e-01 1.788159789e-03
7.812760660e-01 1.787546036e-03
7.829427327e-01 2.640480857e-03
7.846093994e-01 2.160866018e-03
7.862760660e-01 2.882535975e-03
7.879427327e-01 2.159813483e-03
7.896093994e-01 1.698043101e-03
7.912760660e-01 2.542166692e-03
7.929427327e-01 2.372398052e-03
7.946093994e-01 2.336302159e-03
7.962760660e-01 2.111795651e-03
7.979427327e-01 2.681221260e-03
7.996093994e-01 2.563935496e-03
8.012760660e-01 1.648355999e-03
8.029427327e-01 2.990417822e-03
8.046093994e-01 3.034892283e-03
8.062760660e-01 1.953004594e-03
8.079427327e-01 2.790315039e-03
8.096093994e-01 2.749763770e-03
8.112760660e-01 2.358757832e-03
8.129427327e-01 1.639828050e-03
8.146093994e-01 2.873342672e-03
8.162760660e-01 1.585303209e-03
8.179427327e-01 2.333304438e-03
8.196093994e-01 2.491399628e-03
8.212760660e-01 1.996097834e-03
8.229427327e-01 2.195593336e-03
8.246093994e-01 3.004285964e-03
8.262760660e-01 1.994236340e-03
8.279427327e-01 2.773782393e-03
8.296093994e-01 2.218038668e-03
8.312760660e-01 2.398160759e-03
8.329427327e-01 1.510180174e-03
8.346093994e-01 1.807124835e-03
8.362760660e-01 1.507385427e-03
8.379427327e-01 3.007494588e-03
8.396093994e-01 2.581469656e-03
8.412760660e-01 1.819712544e-03
8.429427327e-01 2.497031084e-03
8.446093994e-01 1.900989745e-03
8.462760660e-01 2.769555419e-03
8.479427327e-01 1.555452571e-03
8.496093994e-01 1.528588405e-03
8.512760660e-01 2.279619657e-03
8.529427327e-01 1.816355098e-03
8.546093994e-01 1.464636984e-03
8.562760660e-01 2.259893367e-03
8.579427327e-01 2.381158233e-03
8.596093994e-01 2.866500785e-03
8.612760660e-01 1.954289230e-03
8.629427327e-01 1.684297930e-03
8.646093994e-01 1.450460248e-03
8.662760660e-01 1.771512636e-03
8.679427327e-01 1.879897637e-03
8.696093994e-01 2.393810054e-03
8.712760660e-01 2.872706277e-03
8.729427327e-01 2.485537902e-03
8.746093994e-01 1.532027345e-03
8.762760660e-01 2.819364160e-03
8.779427327e-01 1.421893899e-03
8.796093994e-01 2.914343571e-03
8.812760660e-01 1.979017277e-03
8.829427327e-01 2.428082829e-03
8.846093994e-01 3.032298743e-03
8.862760660e-01 2.393663707e-03
8.879427327e-01 2.542736220e-03
8.896093994e-01 2.980140768e-03
8.912760660e-01 1.915226712e-03
8.929427327e-01 2.968954463e-03
8.946093994e-01 2.416756336e-03
8.962760660e-01 2.422212830e-03
8.979427327e-01 2.677584581e-03
8.996093994e-01 2.577695036e-03
9.012760660e-01 2.556031896e-03
9.029427327e-01 1.895512531e-03
9.046093994e-01 2.998769164e-03
9.062760660e-01 2.625131749e-03
9.079427327e-01 2.759612374e-03
9.096093994e-01 2.317210580e-03
9.112760660e-01 2.428658861e-03
9.129427327e-01 1.650670842e-03
9.146093994e-01 2.604687094e-03
9.162760660e-01 2.482040138e-03
9.179427327e-01 2.024846719e-03
9.196093994e-01 1.420323283e-03
9.212760660e-01 1.811330489e-03
9.229427327e-01 1.832774805e-03
9.246093994e-01 2.507490939e-03
9.262760660e-01 1.944728631e-03
9.279427327e-01 1.586583903e-03
9.296093994e-01 2.530237017e-03
9.312760660e-01 1.792998053e-03
9.329427327e-01 2.165933802e-03
9.346093994e-01 1.891725668e-03
9.362760660e-01 1.758442249e-03
9.379427327e-01 1.492482358e-03
9.396093994e-01 3.033752564e-03
9.412760660e-01 1.670945949e-03
9.429427327e-01 2.006477355e-03
9.446093994e-01 2.934547094e-03
9.462760660e-01 2.685947231e-03
9.479427327e-01 3.026673106e-03
9.496093994e-01 2.543185663e-03
9.512760660e-01 2.194433753e-03
9.529427327e-01 2.513233748e-03
9.546093994e-01 3.035630629e-03
9.562760660e-01 2.123205466e-03
9.579427327e-01 2.068104590e-03
9.596093994e-01 2.724718400e-03
9.612760660e-01 3.036294175e-03
9.629427327e-01 1.425710735e-03
9.646093994e-01 2.970738778e-03
9.662760660e-01 2.569399481e-03
9.679427327e-01 2.502570856e-03
9.696093994e-01 1.923473674e-03
9.712760660e-01 2.584012231e-03
9.729427327e-01 2.907925191e-03
9.746093994e-01 2.350006463e-03
9.762760660e-01 2.018328381e-03
9.779427327e-01 1.779212688e-03
9.796093994e-01 2.529549311e-03
9.812760660e-01 1.474590845e-03
9.829427327e-01 2.164635780e-03
9.846093994e-01 1.620974167e-03
9.862760660e-01 1.958206673e-03
9.879427327e-01 2.514700384e-03
9.896093994e-01 1.704810832e-03
9.912760660e-01 1.916378583e-03
9.929427327e-01 2.776463809e-03
9.946093994e-01 2.301836881e-03
9.962760660e-01 1.774538676e-03
9.979427327e-01 2.385754767e-03
9.996093994e-01 2.251584195e-03
