4
64
1.196311891e-02 6.044227411e-03
2.758811891e-02 3.283431221e-03
4.321311891e-02 1.558956563e-02
5.883811891e-02 3.582959811e-03
7.446311891e-02 1.313966758e-02
9.008811891e-02 1.059432778e-02
1.057131189e-01 1.245107167e-02
1.213381189e-01 1.495545851e-02
1.369631189e-01 2.756749329e-03
1.525881189e-01 2.892564525e-03
1.682131189e-01 4.057728877e-03
1.838381189e-01 9.449144078e-03
1.994631189e-01 1.079704106e-02
2.150881189e-01 1.651840814e-03
2.307131189e-01 7.652169401e-03
2.463381189e-01 9.418624485e-03
2.619631189e-01 2.550505790e-03
2.775881189e-01 1.018545714e-02
2.932131189e-01 2.930261450e-03
3.088381189e-01 5.095879210e-03
3.244631189e-01 1.380844388e-03
3.400881189e-01 1.619183929e-02
3.557131189e-01 1.881795635e-03
3.713381189e-01 1.290897257e-02
3.869631189e-01 1.355733324e-02
4.025881189e-01 1.594627361e-02
4.182131189e-01 7.459736237e-03
4.338381189e-01 1.130847392e-02
4.494631189e-01 1.318139910e-02
4.650881189e-01 6.135081078e-03
4.807131189e-01 7.652451341e-03
4.963381189e-01 2.315332574e-03
5.119631189e-01 8.131689224e-03
5.275881189e-01 6.328653805e-03
5.432131189e-01 4.608378072e-03
5.588381189e-01 4.354880133e-03
5.744631189e-01 1.562993123e-02
5.900881189e-01 1.576481421e-02
6.057131189e-01 2.389106340e-03
6.213381189e-01 1.463839749e-03
6.369631189e-01 1.732917554e-03
6.525881189e-01 5.145741638e-03
6.682131189e-01 9.610245682e-03
6.838381189e-01 1.122556361e-02
6.994631189e-01 5.491518148e-03
7.150881189e-01 1.595466890e-02
7.307131189e-01 3.709747274e-03
7.463381189e-01 6.730875625e-03
7.619631189e-01 9.202257185e-03
7.775881189e-01 5.325406173e-03
7.932131189e-01 1.051040525e-02
8.088381189e-01 9.264991469e-03
8.244631189e-01 4.572361182e-03
8.400881189e-01 1.107052866e-02
8.557131189e-01 5.225489906e-03
8.713381189e-01 1.680440429e-02
8.869631189e-01 1.006468185e-02
9.025881189e-01 1.135626102e-02
9.182131189e-01 1.115705379e-02
9.338381189e-01 6.288382474e-03
9.494631189e-01 1.615675467e-02
9.650881189e-01 1.848013622e-03
9.807131189e-01 7.265304229e-03
9.963381189e-01 7.323098326e-03
