4
900
8.507106778e-04 1.628078176e-03
1.961821789e-03 1.431753944e-03
3.072932900e-03 2.306855130e-03
4.184044011e-03 1.453049577e-03
5.295155122e-03 2.132634435e-03
6.406266233e-03 1.951628457e-03
7.517377344e-03 2.083658745e-03
8.628488456e-03 2.261742835e-03
9.739599567e-03 1.394272615e-03
1.085071068e-02 1.403923301e-03
1.196182179e-02 1.486771313e-03
1.307293290e-02 1.870151872e-03
1.418404401e-02 1.965992500e-03
1.529515512e-02 1.315656458e-03
1.640626623e-02 1.742334922e-03
1.751737734e-02 1.867937047e-03
1.862848846e-02 1.379524138e-03
1.973959957e-02 1.922439744e-03
2.085071068e-02 1.406499528e-03
2.196182179e-02 1.560482891e-03
2.307293290e-02 1.296285573e-03
2.418404401e-02 2.349493857e-03
2.529515512e-02 1.331871768e-03
2.640626623e-02 2.116006610e-03
2.751737734e-02 2.162091306e-03
2.862848846e-02 2.331949558e-03
2.973959957e-02 1.728439493e-03
3.085071068e-02 2.002103518e-03
3.196182179e-02 2.135264286e-03
3.307293290e-02 1.634166711e-03
3.418404401e-02 1.742041465e-03
3.529515512e-02 1.362484817e-03
3.640626623e-02 1.776063114e-03
3.751737734e-02 1.647816878e-03
3.862848846e-02 1.525454666e-03
3.973959957e-02 1.507395531e-03
4.085071068e-02 2.309143193e-03
4.196182179e-02 2.318699976e-03
4.307293290e-02 1.367502471e-03
4.418404401e-02 1.301668506e-03
4.529515512e-02 1.320764513e-03
4.640626623e-02 1.563414611e-03
4.751737734e-02 1.880849627e-03
4.862848846e-02 1.995674626e-03
4.973959957e-02 1.587876990e-03
5.085071068e-02 2.331878721e-03
5.196182179e-02 1.461082927e-03
5.307293290e-02 1.675871629e-03
5.418404401e-02 1.851565932e-03
5.529515512e-02 1.575829055e-03
5.640626623e-02 1.944489084e-03
5.751737734e-02 1.855873974e-03
5.862848846e-02 1.522122118e-03
5.973959957e-02 1.984158960e-03
6.085071068e-02 1.568455313e-03
6.196182179e-02 2.391786940e-03
6.307293290e-02 1.912458540e-03
6.418404401e-02 2.004243498e-03
6.529515512e-02 1.990015541e-03
6.640626623e-02 1.643735351e-03
6.751737734e-02 2.345421232e-03
6.862848846e-02 1.327844244e-03
6.973959957e-02 1.713005787e-03
7.085071068e-02 1.717046065e-03
7.196182179e-02 1.682221106e-03
7.307293290e-02 1.944907532e-03
7.418404401e-02 1.930775711e-03
7.529515512e-02 1.586474280e-03
7.640626623e-02 1.858604409e-03
7.751737734e-02 2.004273056e-03
7.862848846e-02 1.594024463e-03
7.973959957e-02 1.885137343e-03
8.085071068e-02 2.273342773e-03
8.196182179e-02 2.180415824e-03
8.307293290e-02 1.475129159e-03
8.418404401e-02 1.455423463e-03
8.529515512e-02 2.106384695e-03
8.640626623e-02 1.641299740e-03
8.751737734e-02 1.836269080e-03
8.862848846e-02 1.551699777e-03
8.973959957e-02 1.921875272e-03
9.085071068e-02 1.374279685e-03
9.196182179e-02 2.112092482e-03
9.307293290e-02 2.148402158e-03
9.418404401e-02 2.062729393e-03
9.529515512e-02 2.384724462e-03
9.640626623e-02 2.133140513e-03
9.751737734e-02 1.568025149e-03
9.862848846e-02 1.981690918e-03
9.973959957e-02 1.715764695e-03
1.008507107e-01 1.915365876e-03
1.019618218e-01 1.919491977e-03
1.030729329e-01 1.746985382e-03
1.041840440e-01 2.331633550e-03
1.052951551e-01 2.339685313e-03
1.064062662e-01 2.132239083e-03
1.075173773e-01 1.868347831e-03
1.086284885e-01 1.862152979e-03
1.097395996e-01 1.310290464e-03
1.108507107e-01 1.318414426e-03
1.119618218e-01 1.457773246e-03
1.130729329e-01 1.606658216e-03
1.141840440e-01 1.905779963e-03
1.152951551e-01 1.322117947e-03
1.164062662e-01 1.377960753e-03
1.175173773e-01 2.082791672e-03
1.186284885e-01 1.479308625e-03
1.197395996e-01 2.185997268e-03
1.208507107e-01 1.314516664e-03
1.219618218e-01 2.016998552e-03
1.230729329e-01 1.327891204e-03
1.241840440e-01 1.937581570e-03
1.252951551e-01 2.092352173e-03
1.264062662e-01 2.140941863e-03
1.275173773e-01 1.675714975e-03
1.286284885e-01 1.744696934e-03
1.297395996e-01 2.115165753e-03
1.308507107e-01 1.398238914e-03
1.319618218e-01 2.013100559e-03
1.330729329e-01 1.686007913e-03
1.341840440e-01 1.814149779e-03
1.352951551e-01 1.517385247e-03
1.364062662e-01 2.305413509e-03
1.375173773e-01 2.260932412e-03
1.386284885e-01 1.437588509e-03
1.397395996e-01 2.233552045e-03
1.408507107e-01 1.981508168e-03
1.419618218e-01 2.005267513e-03
1.430729329e-01 1.683808412e-03
1.441840440e-01 1.990896398e-03
1.452951551e-01 2.022662908e-03
1.464062662e-01 1.840445769e-03
1.475173773e-01 2.296301806e-03
1.486284885e-01 1.515961971e-03
1.497395996e-01 1.861076886e-03
1.508507107e-01 2.372658626e-03
1.519618218e-01 2.297032543e-03
1.530729329e-01 2.038547184e-03
1.541840440e-01 2.145589165e-03
1.552951551e-01 2.309476240e-03
1.564062662e-01 1.642244244e-03
1.575173773e-01 2.171172514e-03
1.586284885e-01 1.833521306e-03
1.597395996e-01 1.320942314e-03
1.608507107e-01 1.898342613e-03
1.619618218e-01 2.206457904e-03
1.630729329e-01 1.762743085e-03
1.641840440e-01 1.599383243e-03
1.652951551e-01 2.301564897e-03
1.664062662e-01 1.361482638e-03
1.675173773e-01 1.982023226e-03
1.686284885e-01 1.701117537e-03
1.697395996e-01 1.575263698e-03
1.708507107e-01 1.872603213e-03
1.719618218e-01 1.547098141e-03
1.730729329e-01 1.708893162e-03
1.741840440e-01 1.690966690e-03
1.752951551e-01 2.224410379e-03
1.764062662e-01 2.409846208e-03
1.775173773e-01 2.070342035e-03
1.786284885e-01 1.799643936e-03
1.797395996e-01 2.016727550e-03
1.808507107e-01 1.494887450e-03
1.819618218e-01 1.679926535e-03
1.830729329e-01 2.227662511e-03
1.841840440e-01 2.050818347e-03
1.852951551e-01 1.636209019e-03
1.864062662e-01 2.108199807e-03
1.875173773e-01 1.672751116e-03
1.886284885e-01 1.365064538e-03
1.897395996e-01 2.000823106e-03
1.908507107e-01 2.009134171e-03
1.919618218e-01 2.230256441e-03
1.930729329e-01 1.417133203e-03
1.941840440e-01 2.023856838e-03
1.952951551e-01 1.711148682e-03
1.964062662e-01 2.317132169e-03
1.975173773e-01 1.368910134e-03
1.986284885e-01 2.003833442e-03
1.997395996e-01 2.200767603e-03
2.008507107e-01 1.423454487e-03
2.019618218e-01 1.567687275e-03
2.030729329e-01 1.483595686e-03
2.041840440e-01 1.691419717e-03
2.052951551e-01 2.132871831e-03
2.064062662e-01 1.723154916e-03
2.075173773e-01 2.092653651e-03
2.086284885e-01 1.404947799e-03
2.097395996e-01 1.528554126e-03
2.108507107e-01 2.083368179e-03
2.119618218e-01 2.167148691e-03
2.130729329e-01 2.019936278e-03
2.141840440e-01 1.680602128e-03
2.152951551e-01 2.353532882e-03
2.164062662e-01 2.391238720e-03
2.175173773e-01 1.488408535e-03
2.186284885e-01 1.984374162e-03
2.197395996e-01 1.607349643e-03
2.208507107e-01 2.287500264e-03
2.219618218e-01 2.347896041e-03
2.230729329e-01 1.663063720e-03
2.241840440e-01 1.867740509e-03
2.252951551e-01 1.936325997e-03
2.264062662e-01 1.472494526e-03
2.275173773e-01 1.975037704e-03
2.286284885e-01 1.539114168e-03
2.297395996e-01 1.873564036e-03
2.308507107e-01 1.870857909e-03
2.319618218e-01 1.597701702e-03
2.330729329e-01 1.455841957e-03
2.341840440e-01 1.649948113e-03
2.352951551e-01 1.710467960e-03
2.364062662e-01 1.712718994e-03
2.375173773e-01 1.822611487e-03
2.386284885e-01 2.090833224e-03
2.397395996e-01 1.423303055e-03
2.408507107e-01 2.234467473e-03
2.419618218e-01 1.760954496e-03
2.430729329e-01 1.516707183e-03
2.441840440e-01 1.340244347e-03
2.452951551e-01 1.421422887e-03
2.464062662e-01 2.371944596e-03
2.475173773e-01 2.048146678e-03
2.486284885e-01 1.789868334e-03
2.497395996e-01 2.302086884e-03
2.508507107e-01 2.015871937e-03
2.519618218e-01 1.965751586e-03
2.530729329e-01 1.862701652e-03
2.541840440e-01 2.310450230e-03
2.552951551e-01 1.829246256e-03
2.564062662e-01 1.786468899e-03
2.575173773e-01 1.549261890e-03
2.586284885e-01 2.383722482e-03
2.597395996e-01 2.409407214e-03
2.608507107e-01 1.708245267e-03
2.619618218e-01 1.934014392e-03
2.630729329e-01 1.523651987e-03
2.641840440e-01 2.267927352e-03
2.652951551e-01 1.379755504e-03
2.664062662e-01 1.807224200e-03
2.675173773e-01 2.409515951e-03
2.686284885e-01 1.715326323e-03
2.697395996e-01 2.203190862e-03
2.708507107e-01 1.696498464e-03
2.719618218e-01 2.223188303e-03
2.730729329e-01 1.868039262e-03
2.741840440e-01 1.804803533e-03
2.752951551e-01 2.031422336e-03
2.764062662e-01 2.313747021e-03
2.775173773e-01 2.006139503e-03
2.786284885e-01 2.056170926e-03
2.797395996e-01 2.419549539e-03
2.808507107e-01 1.951227939e-03
2.819618218e-01 1.677336696e-03
2.830729329e-01 1.782312149e-03
2.841840440e-01 1.826084217e-03
2.852951551e-01 2.376964187e-03
2.864062662e-01 2.431694269e-03
2.875173773e-01 2.372291315e-03
2.886284885e-01 2.259683595e-03
2.897395996e-01 1.833084479e-03
2.908507107e-01 1.730778875e-03
2.919618218e-01 1.380838786e-03
2.930729329e-01 1.788574833e-03
2.941840440e-01 1.711828463e-03
2.952951551e-01 1.771711971e-03
2.964062662e-01 2.405091508e-03
2.975173773e-01 1.917857029e-03
2.986284885e-01 1.610779018e-03
2.997395996e-01 1.355860866e-03
3.008507107e-01 2.407080285e-03
3.019618218e-01 1.591056934e-03
3.030729329e-01 1.752934218e-03
3.041840440e-01 2.180780948e-03
3.052951551e-01 1.969050124e-03
3.064062662e-01 1.546379880e-03
3.075173773e-01 1.618951244e-03
3.086284885e-01 1.343858299e-03
3.097395996e-01 2.258791507e-03
3.108507107e-01 1.502449913e-03
3.119618218e-01 2.030733960e-03
3.130729329e-01 1.884460808e-03
3.141840440e-01 1.491371087e-03
3.152951551e-01 1.551206724e-03
3.164062662e-01 2.242026562e-03
3.175173773e-01 1.953785344e-03
3.186284885e-01 2.057266031e-03
3.197395996e-01 2.187727638e-03
3.208507107e-01 1.954089344e-03
3.219618218e-01 1.998039848e-03
3.230729329e-01 2.015766438e-03
3.241840440e-01 1.355401660e-03
3.252951551e-01 2.408030234e-03
3.264062662e-01 2.075689226e-03
3.275173773e-01 1.822932916e-03
3.286284885e-01 1.687576359e-03
3.297395996e-01 1.414991141e-03
3.308507107e-01 1.795486578e-03
3.319618218e-01 2.283878794e-03
3.330729329e-01 1.704087635e-03
3.341840440e-01 1.829536920e-03
3.352951551e-01 2.257909373e-03
3.364062662e-01 1.973077832e-03
3.375173773e-01 2.260276189e-03
3.386284885e-01 2.005255976e-03
3.397395996e-01 1.508565258e-03
3.408507107e-01 1.372964946e-03
3.419618218e-01 2.301498714e-03
3.430729329e-01 1.529586484e-03
3.441840440e-01 2.308790743e-03
3.452951551e-01 1.369743095e-03
3.464062662e-01 2.237097245e-03
3.475173773e-01 1.758788389e-03
3.486284885e-01 1.537633209e-03
3.497395996e-01 1.353582892e-03
3.508507107e-01 1.565964808e-03
3.519618218e-01 2.167550387e-03
3.530729329e-01 2.086851548e-03
3.541840440e-01 2.429565792e-03
3.552951551e-01 1.686272615e-03
3.564062662e-01 1.649394858e-03
3.575173773e-01 2.009706198e-03
3.586284885e-01 1.717029788e-03
3.597395996e-01 1.621539855e-03
3.608507107e-01 1.649380479e-03
3.619618218e-01 2.214929089e-03
3.630729329e-01 1.983952746e-03
3.641840440e-01 1.739078226e-03
3.652951551e-01 1.573881165e-03
3.664062662e-01 1.831166968e-03
3.675173773e-01 2.117482258e-03
3.686284885e-01 2.077604269e-03
3.697395996e-01 1.652021126e-03
3.708507107e-01 1.653374517e-03
3.719618218e-01 1.900564454e-03
3.730729329e-01 2.330941706e-03
3.741840440e-01 1.835473803e-03
3.752951551e-01 1.946932778e-03
3.764062662e-01 2.194601965e-03
3.775173773e-01 2.038202150e-03
3.786284885e-01 1.817623406e-03
3.797395996e-01 2.237225117e-03
3.808507107e-01 1.836937327e-03
3.819618218e-01 2.249029753e-03
3.830729329e-01 1.336234014e-03
3.841840440e-01 1.862875788e-03
3.852951551e-01 1.376107713e-03
3.864062662e-01 2.175877286e-03
3.875173773e-01 1.510577659e-03
3.886284885e-01 1.366392304e-03
3.897395996e-01 1.422737101e-03
3.908507107e-01 1.831539157e-03
3.919618218e-01 2.047533398e-03
3.930729329e-01 1.811069968e-03
3.941840440e-01 2.124250199e-03
3.952951551e-01 2.367953097e-03
3.964062662e-01 1.585795127e-03
3.975173773e-01 1.667866902e-03
3.986284885e-01 1.666563093e-03
3.997395996e-01 1.830186913e-03
4.008507107e-01 2.169412157e-03
4.019618218e-01 1.343180118e-03
4.030729329e-01 1.466793466e-03
4.041840440e-01 1.380303010e-03
4.052951551e-01 1.666402843e-03
4.064062662e-01 2.037073422e-03
4.075173773e-01 2.380827440e-03
4.086284885e-01 2.171326516e-03
4.097395996e-01 1.542212031e-03
4.108507107e-01 2.133502233e-03
4.119618218e-01 1.767468417e-03
4.130729329e-01 2.028753148e-03
4.141840440e-01 1.928400722e-03
4.152951551e-01 2.273056928e-03
4.164062662e-01 1.835189596e-03
4.175173773e-01 1.933019093e-03
4.186284885e-01 1.693072436e-03
4.197395996e-01 1.879414541e-03
4.208507107e-01 1.665768824e-03
4.219618218e-01 1.871499900e-03
4.230729329e-01 1.913522824e-03
4.241840440e-01 1.756088005e-03
4.252951551e-01 2.370487161e-03
4.264062662e-01 1.517259163e-03
4.275173773e-01 2.234337898e-03
4.286284885e-01 2.050671972e-03
4.297395996e-01 1.441012595e-03
4.308507107e-01 1.375799007e-03
4.319618218e-01 2.385181539e-03
4.330729329e-01 1.774083849e-03
4.341840440e-01 1.872359501e-03
4.352951551e-01 2.109721510e-03
4.364062662e-01 1.783368161e-03
4.375173773e-01 2.005122354e-03
4.386284885e-01 2.155859025e-03
4.397395996e-01 2.115470548e-03
4.408507107e-01 1.596649174e-03
4.419618218e-01 2.091004751e-03
4.430729329e-01 1.840980163e-03
4.441840440e-01 1.804020152e-03
4.452951551e-01 1.778419478e-03
4.464062662e-01 2.273336770e-03
4.475173773e-01 1.386414886e-03
4.486284885e-01 2.371437328e-03
4.497395996e-01 2.099764069e-03
4.508507107e-01 1.885950242e-03
4.519618218e-01 1.857555270e-03
4.530729329e-01 1.345799478e-03
4.541840440e-01 2.429302914e-03
4.552951551e-01 2.187126196e-03
4.564062662e-01 1.880965374e-03
4.575173773e-01 1.895244440e-03
4.586284885e-01 1.495496642e-03
4.597395996e-01 1.803598638e-03
4.608507107e-01 2.075624404e-03
4.619618218e-01 2.392818850e-03
4.630729329e-01 1.406007239e-03
4.641840440e-01 2.179348092e-03
4.652951551e-01 2.431192227e-03
4.664062662e-01 1.342515235e-03
4.675173773e-01 1.504621520e-03
4.686284885e-01 1.854604352e-03
4.697395996e-01 2.114263446e-03
4.708507107e-01 1.949879270e-03
4.719618218e-01 1.410367994e-03
4.730729329e-01 1.820626492e-03
4.741840440e-01 1.615716495e-03
4.752951551e-01 1.668357534e-03
4.764062662e-01 1.461722997e-03
4.775173773e-01 2.117761944e-03
4.786284885e-01 2.133305315e-03
4.797395996e-01 1.900932368e-03
4.808507107e-01 1.940639683e-03
4.819618218e-01 2.180234390e-03
4.830729329e-01 1.821634804e-03
4.841840440e-01 1.589530811e-03
4.852951551e-01 1.615173564e-03
4.864062662e-01 2.339151913e-03
4.875173773e-01 1.595153844e-03
4.886284885e-01 1.593050559e-03
4.897395996e-01 2.074713749e-03
4.908507107e-01 2.135527449e-03
4.919618218e-01 2.147564631e-03
4.930729329e-01 2.229341345e-03
4.941840440e-01 1.487007173e-03
4.952951551e-01 1.770931285e-03
4.964062662e-01 2.169763530e-03
4.975173773e-01 1.551589865e-03
4.986284885e-01 1.497604645e-03
4.997395996e-01 2.148141873e-03
5.008507107e-01 1.552263095e-03
5.019618218e-01 1.660244850e-03
5.030729329e-01 1.549514406e-03
5.041840440e-01 2.324266366e-03
5.052951551e-01 2.267724393e-03
5.064062662e-01 1.617343045e-03
5.075173773e-01 1.691102682e-03
5.086284885e-01 1.429510923e-03
5.097395996e-01 1.942741857e-03
5.108507107e-01 1.809727007e-03
5.119618218e-01 2.204034168e-03
5.130729329e-01 1.621557253e-03
5.141840440e-01 2.367140380e-03
5.152951551e-01 1.689903475e-03
5.164062662e-01 2.457992030e-03
5.175173773e-01 1.733724030e-03
5.186284885e-01 1.935353734e-03
5.197395996e-01 1.617833340e-03
5.208507107e-01 1.617403019e-03
5.219618218e-01 2.186005015e-03
5.230729329e-01 1.866240506e-03
5.241840440e-01 2.347332462e-03
5.252951551e-01 1.865496054e-03
5.264062662e-01 1.557627653e-03
5.275173773e-01 2.120355169e-03
5.286284885e-01 2.007154466e-03
5.297395996e-01 1.983068861e-03
5.308507107e-01 1.833376113e-03
5.319618218e-01 2.212971378e-03
5.330729329e-01 2.134758995e-03
5.341840440e-01 1.524350723e-03
5.352951551e-01 2.419036600e-03
5.364062662e-01 2.448664168e-03
5.375173773e-01 1.727383569e-03
5.386284885e-01 2.285568327e-03
5.397395996e-01 2.258511875e-03
5.408507107e-01 1.997818911e-03
5.419618218e-01 1.518509984e-03
5.430729329e-01 2.340830593e-03
5.441840440e-01 1.482115078e-03
5.452951551e-01 1.980759957e-03
5.464062662e-01 2.086134077e-03
5.475173773e-01 1.755910139e-03
5.486284885e-01 1.888884332e-03
5.497395996e-01 2.427989874e-03
5.508507107e-01 1.754600515e-03
5.519618218e-01 2.274274871e-03
5.530729329e-01 1.903755976e-03
5.541840440e-01 2.023814222e-03
5.552951551e-01 1.431803950e-03
5.564062662e-01 1.629743774e-03
5.575173773e-01 1.429894151e-03
5.586284885e-01 2.429943505e-03
5.597395996e-01 2.145903395e-03
5.608507107e-01 1.638041763e-03
5.619618218e-01 2.089563831e-03
5.630729329e-01 1.692179244e-03
5.641840440e-01 2.271199264e-03
5.652951551e-01 1.461773533e-03
5.664062662e-01 1.443840188e-03
5.675173773e-01 1.944503719e-03
5.686284885e-01 1.635636641e-03
5.697395996e-01 1.401133789e-03
5.708507107e-01 1.931280533e-03
5.719618218e-01 2.012099529e-03
5.730729329e-01 2.335636914e-03
5.741840440e-01 1.727471490e-03
5.752951551e-01 1.547452833e-03
5.764062662e-01 1.391536518e-03
5.775173773e-01 1.605546847e-03
5.786284885e-01 1.677778847e-03
5.797395996e-01 2.020362388e-03
5.808507107e-01 2.339601729e-03
5.819618218e-01 2.081464601e-03
5.830729329e-01 1.445765948e-03
5.841840440e-01 2.303965472e-03
5.852951551e-01 1.372293542e-03
5.864062662e-01 2.367234828e-03
5.875173773e-01 1.743658734e-03
5.886284885e-01 2.043010466e-03
5.897395996e-01 2.445795701e-03
5.908507107e-01 2.020013565e-03
5.919618218e-01 2.119369724e-03
5.930729329e-01 2.410947168e-03
5.941840440e-01 1.700978804e-03
5.952951551e-01 2.403438240e-03
5.964062662e-01 2.035280352e-03
5.975173773e-01 2.038892140e-03
5.986284885e-01 2.209114027e-03
5.997395996e-01 2.142494977e-03
6.008507107e-01 2.128026793e-03
6.019618218e-01 1.687654386e-03
6.030729329e-01 2.423132572e-03
6.041840440e-01 2.174014653e-03
6.052951551e-01 2.263642023e-03
6.064062662e-01 1.968681039e-03
6.075173773e-01 2.042953366e-03
6.086284885e-01 1.524268087e-03
6.097395996e-01 2.160252249e-03
6.108507107e-01 2.078460866e-03
6.119618218e-01 1.773638435e-03
6.130729329e-01 1.370595918e-03
6.141840440e-01 1.631240423e-03
6.152951551e-01 1.645509594e-03
6.164062662e-01 2.095293237e-03
6.175173773e-01 1.720091179e-03
6.186284885e-01 1.481300766e-03
6.197395996e-01 2.110375508e-03
6.208507107e-01 1.618855456e-03
6.219618218e-01 1.867451806e-03
6.230729329e-01 1.684618826e-03
6.241840440e-01 1.595735582e-03
6.252951551e-01 1.418401282e-03
6.264062662e-01 2.445886972e-03
6.275173773e-01 1.537321373e-03
6.286284885e-01 1.760981047e-03
6.297395996e-01 2.379666201e-03
6.308507107e-01 2.213904879e-03
6.319618218e-01 2.441027307e-03
6.330729329e-01 2.118674114e-03
6.341840440e-01 1.886144535e-03
6.352951551e-01 2.098649484e-03
6.364062662e-01 2.446885614e-03
6.375173773e-01 1.838573640e-03
6.386284885e-01 1.801811114e-03
6.397395996e-01 2.239524970e-03
6.408507107e-01 2.447213394e-03
6.419618218e-01 1.373462264e-03
6.430729329e-01 2.403452047e-03
6.441840440e-01 2.135863527e-03
6.452951551e-01 2.091282045e-03
6.464062662e-01 1.705188115e-03
6.475173773e-01 2.145517935e-03
6.486284885e-01 2.361430613e-03
6.497395996e-01 1.989455423e-03
6.508507107e-01 1.768307253e-03
6.519618218e-01 1.608867265e-03
6.530729329e-01 2.109062077e-03
6.541840440e-01 1.405726753e-03
6.552951551e-01 1.865726952e-03
6.564062662e-01 1.503256041e-03
6.575173773e-01 1.728047799e-03
6.586284885e-01 2.099013616e-03
6.597395996e-01 1.559057180e-03
6.608507107e-01 1.700072201e-03
6.619618218e-01 2.273432128e-03
6.630729329e-01 1.956983873e-03
6.641840440e-01 1.605421356e-03
6.652951551e-01 2.012868291e-03
6.664062662e-01 1.923390706e-03
6.675173773e-01 2.360434261e-03
6.686284885e-01 1.424088568e-03
6.697395996e-01 1.546963906e-03
6.708507107e-01 2.332091477e-03
6.719618218e-01 1.898392718e-03
6.730729329e-01 1.984353237e-03
6.741840440e-01 2.095931169e-03
6.752951551e-01 1.869768362e-03
6.764062662e-01 1.992936301e-03
6.775173773e-01 2.023240254e-03
6.786284885e-01 1.529336186e-03
6.797395996e-01 1.607769813e-03
6.808507107e-01 2.362938028e-03
6.819618218e-01 2.309210769e-03
6.830729329e-01 1.492292864e-03
6.841840440e-01 1.875332698e-03
6.852951551e-01 1.600303989e-03
6.864062662e-01 1.734903838e-03
6.875173773e-01 1.506873913e-03
6.886284885e-01 1.639467441e-03
6.897395996e-01 2.233913848e-03
6.908507107e-01 1.643259282e-03
6.919618218e-01 2.000490747e-03
6.930729329e-01 1.854637947e-03
6.941840440e-01 1.834984054e-03
6.952951551e-01 2.333076448e-03
6.964062662e-01 1.649318279e-03
6.975173773e-01 2.424172968e-03
6.986284885e-01 1.459437369e-03
6.997395996e-01 2.294082790e-03
7.008507107e-01 1.868194235e-03
7.019618218e-01 2.451458664e-03
7.030729329e-01 2.349603663e-03
7.041840440e-01 2.046435626e-03
7.052951551e-01 2.303561602e-03
7.064062662e-01 1.767852839e-03
7.075173773e-01 1.550490227e-03
7.086284885e-01 1.919038950e-03
7.097395996e-01 2.268123213e-03
7.108507107e-01 2.173773172e-03
7.119618218e-01 1.461359275e-03
7.130729329e-01 2.427495030e-03
7.141840440e-01 2.411422972e-03
7.152951551e-01 2.454021554e-03
7.164062662e-01 2.255163110e-03
7.175173773e-01 1.422017227e-03
7.186284885e-01 1.847499632e-03
7.197395996e-01 2.484567486e-03
7.208507107e-01 1.785865256e-03
7.219618218e-01 1.983161447e-03
7.230729329e-01 1.641555337e-03
7.241840440e-01 1.537143040e-03
7.252951551e-01 2.254739212e-03
7.264062662e-01 2.270207909e-03
7.275173773e-01 2.019786062e-03
7.286284885e-01 1.606460384e-03
7.297395996e-01 2.119864539e-03
7.308507107e-01 2.296638606e-03
7.319618218e-01 1.546899384e-03
7.330729329e-01 2.206521836e-03
7.341840440e-01 2.106672905e-03
7.352951551e-01 2.041998838e-03
7.364062662e-01 2.173617113e-03
7.375173773e-01 1.971755594e-03
7.386284885e-01 1.603755810e-03
7.397395996e-01 1.992342287e-03
7.408507107e-01 2.365725249e-03
7.419618218e-01 1.780204891e-03
7.430729329e-01 1.426070925e-03
7.441840440e-01 2.148380003e-03
7.452951551e-01 1.468351362e-03
7.464062662e-01 1.512756275e-03
7.475173773e-01 2.089931566e-03
7.486284885e-01 1.393672344e-03
7.497395996e-01 1.480517221e-03
7.508507107e-01 1.858675357e-03
7.519618218e-01 1.440222558e-03
7.530729329e-01 1.952390940e-03
7.541840440e-01 1.856346824e-03
7.552951551e-01 1.850143818e-03
7.564062662e-01 1.448338098e-03
7.575173773e-01 2.121639706e-03
7.586284885e-01 2.010865031e-03
7.597395996e-01 2.326496016e-03
7.608507107e-01 1.903995648e-03
7.619618218e-01 1.542639471e-03
7.630729329e-01 1.444785027e-03
7.641840440e-01 1.535528969e-03
7.652951551e-01 2.461898030e-03
7.664062662e-01 1.614144328e-03
7.675173773e-01 2.364350591e-03
7.686284885e-01 2.079599383e-03
7.697395996e-01 2.278122406e-03
7.708507107e-01 2.048675416e-03
7.719618218e-01 1.561902176e-03
7.730729329e-01 1.392264807e-03
7.741840440e-01 1.551243593e-03
7.752951551e-01 1.437692517e-03
7.764062662e-01 1.793485008e-03
7.775173773e-01 1.598168837e-03
7.786284885e-01 2.206765753e-03
7.797395996e-01 1.882368422e-03
7.808507107e-01 1.731295887e-03
7.819618218e-01 1.805795609e-03
7.830729329e-01 1.896088697e-03
7.841840440e-01 1.831699474e-03
7.852951551e-01 2.284195669e-03
7.864062662e-01 1.955874201e-03
7.875173773e-01 2.403491507e-03
7.886284885e-01 1.648670523e-03
7.897395996e-01 2.425095113e-03
7.908507107e-01 2.470744553e-03
7.919618218e-01 2.389062937e-03
7.930729329e-01 1.943439403e-03
7.941840440e-01 2.304557394e-03
7.952951551e-01 1.800212880e-03
7.964062662e-01 2.104181652e-03
7.975173773e-01 2.367282474e-03
7.986284885e-01 1.953519080e-03
7.997395996e-01 2.072582882e-03
8.008507107e-01 1.487766985e-03
8.019618218e-01 1.824046741e-03
8.030729329e-01 1.658196123e-03
8.041840440e-01 2.382851052e-03
8.052951551e-01 2.489520413e-03
8.064062662e-01 1.836733052e-03
8.075173773e-01 2.391587011e-03
8.086284885e-01 1.545960347e-03
8.097395996e-01 1.890569224e-03
8.108507107e-01 1.689940668e-03
8.119618218e-01 1.759944953e-03
8.130729329e-01 1.601875544e-03
8.141840440e-01 2.187796579e-03
8.152951551e-01 2.106564042e-03
8.164062662e-01 2.022829970e-03
8.175173773e-01 1.587768499e-03
8.186284885e-01 1.441982158e-03
8.197395996e-01 1.810579601e-03
8.208507107e-01 2.158142994e-03
8.219618218e-01 2.459809082e-03
8.230729329e-01 2.073420566e-03
8.241840440e-01 2.086132363e-03
8.252951551e-01 2.433282717e-03
8.264062662e-01 1.965047313e-03
8.275173773e-01 1.531970205e-03
8.286284885e-01 2.240073081e-03
8.297395996e-01 2.378438705e-03
8.308507107e-01 2.249164701e-03
8.319618218e-01 2.109091519e-03
8.330729329e-01 1.833527883e-03
8.341840440e-01 1.823151715e-03
8.352951551e-01 2.209207683e-03
8.364062662e-01 2.269757638e-03
8.375173773e-01 2.093364587e-03
8.386284885e-01 2.092798007e-03
8.397395996e-01 2.259850860e-03
8.408507107e-01 1.430503884e-03
8.419618218e-01 1.984624600e-03
8.430729329e-01 2.416995137e-03
8.441840440e-01 1.932090174e-03
8.452951551e-01 2.285415370e-03
8.464062662e-01 1.676512016e-03
8.475173773e-01 2.144481592e-03
8.486284885e-01 1.972449447e-03
8.497395996e-01 2.393257303e-03
8.508507107e-01 1.666214230e-03
8.519618218e-01 2.170064160e-03
8.530729329e-01 2.444918009e-03
8.541840440e-01 2.086304612e-03
8.552951551e-01 1.826438956e-03
8.564062662e-01 2.402790924e-03
8.575173773e-01 1.657620942e-03
8.586284885e-01 1.410298912e-03
8.597395996e-01 2.333632963e-03
8.608507107e-01 2.231170316e-03
8.619618218e-01 1.550602705e-03
8.630729329e-01 2.070759946e-03
8.641840440e-01 2.106494247e-03
8.652951551e-01 2.407594965e-03
8.664062662e-01 1.676399034e-03
8.675173773e-01 1.436400718e-03
8.686284885e-01 1.726956186e-03
8.697395996e-01 2.492758149e-03
8.708507107e-01 2.313140504e-03
8.719618218e-01 2.427133532e-03
8.730729329e-01 2.081088316e-03
8.741840440e-01 2.068353932e-03
8.752951551e-01 2.463941402e-03
8.764062662e-01 1.560735995e-03
8.775173773e-01 1.980202250e-03
8.786284885e-01 1.890714757e-03
8.797395996e-01 2.451775555e-03
8.808507107e-01 2.262168252e-03
8.819618218e-01 1.529368915e-03
8.830729329e-01 1.918227158e-03
8.841840440e-01 2.149257199e-03
8.852951551e-01 1.800355286e-03
8.864062662e-01 1.581781630e-03
8.875173773e-01 2.087494698e-03
8.886284885e-01 2.490919577e-03
8.897395996e-01 2.012309237e-03
8.908507107e-01 1.983092032e-03
8.919618218e-01 1.641175696e-03
8.930729329e-01 2.026183102e-03
8.941840440e-01 1.809017398e-03
8.952951551e-01 2.475577982e-03
8.964062662e-01 2.179846131e-03
8.975173773e-01 2.482665917e-03
8.986284885e-01 2.073677838e-03
8.997395996e-01 2.078874747e-03
9.008507107e-01 1.650326541e-03
9.019618218e-01 2.112279094e-03
9.030729329e-01 2.407859201e-03
9.041840440e-01 1.633829475e-03
9.052951551e-01 1.915991906e-03
9.064062662e-01 2.325392461e-03
9.075173773e-01 2.316255945e-03
9.086284885e-01 1.474400091e-03
9.097395996e-01 2.279215223e-03
9.108507107e-01 2.477811413e-03
9.119618218e-01 2.055248712e-03
9.130729329e-01 1.659292032e-03
9.141840440e-01 2.418775708e-03
9.152951551e-01 1.806432287e-03
9.164062662e-01 1.788613861e-03
9.175173773e-01 1.825671044e-03
9.186284885e-01 1.444183932e-03
9.197395996e-01 2.188400869e-03
9.208507107e-01 2.006710453e-03
9.219618218e-01 2.130762365e-03
9.230729329e-01 2.167118917e-03
9.241840440e-01 1.506643905e-03
9.252951551e-01 1.601304249e-03
9.264062662e-01 2.406681109e-03
9.275173773e-01 2.131038930e-03
9.286284885e-01 2.008358891e-03
9.297395996e-01 2.369010438e-03
9.308507107e-01 1.797461518e-03
9.319618218e-01 1.977426270e-03
9.330729329e-01 1.928914636e-03
9.341840440e-01 2.473498528e-03
9.352951551e-01 2.224739760e-03
9.364062662e-01 1.526894147e-03
9.375173773e-01 2.366882620e-03
9.386284885e-01 2.455029605e-03
9.397395996e-01 2.039170684e-03
9.408507107e-01 2.177272755e-03
9.419618218e-01 2.256107272e-03
9.430729329e-01 2.109327550e-03
9.441840440e-01 1.940957475e-03
9.452951551e-01 2.218211910e-03
9.464062662e-01 1.648693109e-03
9.475173773e-01 2.195300980e-03
9.486284885e-01 2.120751387e-03
9.497395996e-01 2.049823577e-03
9.508507107e-01 1.467325103e-03
9.519618218e-01 1.429655778e-03
9.530729329e-01 2.088174947e-03
9.541840440e-01 2.249716281e-03
9.552951551e-01 2.030179306e-03
9.564062662e-01 1.701461930e-03
9.575173773e-01 1.899182365e-03
9.586284885e-01 2.130103931e-03
9.597395996e-01 1.895869233e-03
9.608507107e-01 1.787677641e-03
9.619618218e-01 1.742779145e-03
9.630729329e-01 2.496797530e-03
9.641840440e-01 1.637968276e-03
9.652951551e-01 2.132453765e-03
9.664062662e-01 1.955147476e-03
9.675173773e-01 2.158739277e-03
9.686284885e-01 2.086519015e-03
9.697395996e-01 1.660275318e-03
9.708507107e-01 2.276953870e-03
9.719618218e-01 1.933432113e-03
9.730729329e-01 1.595156436e-03
9.741840440e-01 1.795796992e-03
9.752951551e-01 1.590198124e-03
9.764062662e-01 2.441688783e-03
9.775173773e-01 2.495370218e-03
9.786284885e-01 2.121221766e-03
9.797395996e-01 2.138676129e-03
9.808507107e-01 1.622659035e-03
9.819618218e-01 1.794938616e-03
9.830729329e-01 1.737663440e-03
9.841840440e-01 2.261649592e-03
9.852951551e-01 1.851250534e-03
9.864062662e-01 1.756125759e-03
9.875173773e-01 1.827339583e-03
9.886284885e-01 1.578301365e-03
9.897395996e-01 2.374570121e-03
9.908507107e-01 2.116885857e-03
9.919618218e-01 2.065387249e-03
9.930729329e-01 1.981285525e-03
9.941840440e-01 1.489185519e-03
9.952951551e-01 2.440425278e-03
9.964062662e-01 2.311243793e-03
9.975173773e-01 1.461869686e-03
9.986284885e-01 1.554098705e-03
9.997395996e-01 1.919221113e-03
